1 1 0.00000  -0.50000  -0.50000   0.1530340E+01        
1 1 0.00000   0.00000  -1.00000   0.1896960E+00            
1 1  0.50000  -0.50000  -1.00000   0.4034590E+00          
1 1  0.00000  -1.00000  -1.00000   0.4984515E+00          
1 1  0.00000  -0.50000  -1.50000   0.1334670E-01          
1 1  1.00000  -1.00000  -1.00000   0.1872992E+00          
1 1  0.50000  -1.00000  -1.50000   0.1158594E+00          
1 1  0.00000   0.00000  -2.00000  -0.2518276E-02          
1 1  0.50000  -0.50000  -2.00000  -0.1365327E-02          
1 1  0.00000  -1.50000  -1.50000   0.1765511E+00          
1 1  0.00000  -1.00000  -2.00000   0.4482771E-02          
1 1  1.00000  -1.50000  -1.50000   0.5036466E-01          
1 1  1.00000  -1.00000  -2.00000   0.2832085E-01          
1 1  0.50000  -1.50000  -2.00000   0.3880024E-01          
1 1  0.00000  -0.50000  -2.50000  -0.3803856E-03          
1 1  0.50000  -1.00000  -2.50000   0.7471247E-03          
1 1  0.00000  -2.00000  -2.00000   0.6016988E-01          
1 1  1.50000  -1.50000  -2.00000   0.1027299E-01          
1 1  0.00000  -1.50000  -2.50000   0.2647035E-02          
1 1  1.00000  -2.00000  -2.00000   0.1332651E-01          
1 1  0.00000   0.00000  -3.00000  -0.3112176E-03          
1 1  1.00000  -1.50000  -2.50000   0.7409566E-02          
1 1  0.50000  -0.50000  -3.00000   0.2239335E-03          
1 1  0.00000  -1.00000  -3.00000   0.4480716E-03          
1 1  0.50000  -2.00000  -2.50000   0.1206438E-01          
1 1  1.00000  -1.00000  -3.00000   0.5629344E-03          
1 1  0.50000  -1.50000  -3.00000   0.3484560E-03          
1 1  2.00000  -2.00000  -2.00000  -0.5422471E-03          
1 1  1.50000  -2.00000  -2.50000   0.1065699E-02          
1 1  0.00000  -2.50000  -2.50000   0.1827445E-01          
1 1  0.00000  -0.50000  -3.50000   0.4720085E-04          
1 1  0.00000  -2.00000  -3.00000   0.4685184E-03          
1 1  1.50000  -1.50000  -3.00000   0.1267353E-02          
1 1  1.00000  -2.50000  -2.50000   0.3263292E-02          
1 1  0.50000  -1.00000  -3.50000   0.1878906E-03          
1 1  1.00000  -2.00000  -3.00000   0.1814749E-02          
1 1  0.00000  -1.50000  -3.50000   0.1674330E-03          
1 1  1.00000  -1.50000  -3.50000   0.1084184E-03         
1 1  0.50000  -2.50000  -3.00000   0.3100013E-02          
