     1  1  0.0000    0.0000    0.0000
     2  1  1.5000    0.5000    0.0000
     3  1  2.0000    0.5000    0.5000
     4  1  4.5000    0.0000    0.5000
     5  1  2.0000    1.0000    0.0000
     6  1  6.0000    1.0000    0.0000
     7  1 12.0000    1.5000    0.5000
     8  1 18.0000    1.5000    0.5000
     9  1  3.5000    2.0000    0.5000
    10  1  8.5000    2.0000    0.5000
    11  1 10.5000    2.5000    0.0000
    12  1 18.5000    2.0000    0.5000
    13  1  0.0000    3.5000    0.5000
    14  1  9.5000    3.0000    0.5000
    15  1 11.0000    3.0000    0.0000
    16  1 16.5000    3.0000    0.5000
    17  1  0.0000    4.5000    0.5000
    18  1  1.0000    4.5000    0.5000
    19  1  6.5000    4.5000    0.0000
    20  1  7.0000    4.0000    0.0000
    21  1  8.0000    4.0000    0.0000
    22  1 19.0000    4.0000    0.0000
    23  1  0.5000    5.0000    0.5000
    24  1  3.0000    5.0000    0.0000
    25  1  8.5000    5.5000    0.0000
    26  1 17.5000    5.5000    0.0000
    27  1 19.5000    5.5000    0.0000
    28  1 13.5000    6.0000    0.5000
    29  1 17.0000    6.5000    0.5000
    30  1  8.5000    7.0000    0.5000
    31  1  9.0000    7.0000    0.0000
    32  1 12.5000    7.0000    0.5000
    33  1 14.5000    7.0000    0.5000
    34  1  1.0000    8.5000    0.5000
    35  1  6.5000    8.5000    0.0000
    36  1 10.0000    8.0000    0.0000
    37  1 11.5000    8.5000    0.0000
    38  1  1.0000    9.5000    0.5000
    39  1  2.0000    9.5000    0.5000
    40  1  5.0000    9.5000    0.5000
    41  1 10.0000    9.0000    0.0000
    42  1 13.5000    9.0000    0.5000
    43  1 11.0000   10.0000    0.0000
    44  1 18.5000   10.0000    0.5000
    45  1 19.5000   10.0000    0.5000
    46  1  0.0000   11.0000    0.0000
    47  1  6.0000   11.5000    0.5000
    48  1 12.0000   11.0000    0.0000
    49  1 13.5000   11.5000    0.0000
    50  1 19.0000   11.0000    0.0000
    51  1  2.0000   12.5000    0.5000
    52  1  2.5000   12.0000    0.5000
    53  1  6.5000   12.0000    0.5000
    54  1 11.0000   12.5000    0.5000
    55  1  3.0000   13.0000    0.0000
    56  1  5.5000   13.0000    0.5000
    57  1  7.5000   13.5000    0.0000
    58  1  8.0000   13.5000    0.5000
    59  1  9.0000   13.5000    0.5000
    60  1 17.0000   13.5000    0.5000
    61  1 18.0000   13.0000    0.0000
    62  1 18.0000   13.5000    0.5000
    63  1  0.0000   14.5000    0.5000
    64  1  3.0000   14.5000    0.5000
    65  1  4.5000   14.5000    0.0000
    66  1 18.0000   14.0000    0.0000
    67  1  1.5000   15.5000    0.0000
    68  1  2.0000   15.0000    0.0000
    69  1  3.5000   16.5000    0.0000
    70  1 10.0000   16.0000    0.0000
    71  1 17.5000   16.0000    0.5000
    72  1  1.0000   17.0000    0.0000
    73  1  5.0000   17.0000    0.0000
    74  1 12.0000   17.0000    0.0000
    75  1  5.5000   18.0000    0.5000
    76  1  6.0000   18.5000    0.5000
    77  1 18.0000   18.5000    0.5000
    78  1 18.5000   18.0000    0.5000
    79  1 19.0000   18.0000    0.0000
    80  1  1.0000   19.5000    0.5000
    81  1  2.5000   19.0000    0.5000
    82  1  2.5000   19.5000    0.0000
    83  1  7.5000   19.0000    0.5000
    84  1  9.5000   19.0000    0.5000
    85  1  9.5000   19.5000    0.0000
    86  1  1.0000    0.0000    1.0000
    87  1  4.0000    0.0000    1.0000
    88  1  5.0000    0.5000    1.5000
    89  1  9.5000    0.5000    1.0000
    90  1 10.0000    0.0000    1.0000
    91  1  8.0000    1.0000    1.0000
    92  1 13.0000    1.0000    1.0000
    93  1 14.0000    1.0000    1.0000
    94  1 16.5000    1.5000    1.0000
    95  1  3.5000    2.5000    1.0000
    96  1  8.0000    2.5000    1.5000
    97  1 16.0000    2.0000    1.0000
    98  1  6.5000    3.5000    1.0000
    99  1 12.5000    3.0000    1.5000
   100  1  7.5000    4.5000    1.0000
   101  1 14.5000    4.5000    1.0000
   102  1  5.0000    5.5000    1.5000
   103  1  8.5000    5.5000    1.0000
   104  1 15.5000    5.5000    1.0000
   105  1 19.0000    5.5000    1.5000
   106  1 11.0000    6.0000    1.0000
   107  1 14.5000    6.5000    1.0000
   108  1 14.5000    7.0000    1.5000
   109  1 19.0000    7.0000    1.0000
   110  1  6.0000    8.0000    1.0000
   111  1  6.5000    8.0000    1.5000
   112  1  6.5000    8.5000    1.0000
   113  1 15.5000    8.0000    1.5000
   114  1 18.5000    8.0000    1.5000
   115  1 19.5000    8.5000    1.0000
   116  1  1.0000    9.5000    1.5000
   117  1 10.0000    9.0000    1.0000
   118  1  2.0000   10.0000    1.0000
   119  1  5.5000   10.5000    1.0000
   120  1  9.0000   10.5000    1.5000
   121  1 15.5000   10.5000    1.0000
   122  1  4.5000   11.5000    1.0000
   123  1 11.0000   11.5000    1.5000
   124  1 11.5000   11.5000    1.0000
   125  1  8.5000   12.5000    1.0000
   126  1 11.5000   12.0000    1.5000
   127  1 13.5000   12.5000    1.0000
   128  1  0.0000   13.0000    1.0000
   129  1 14.0000   13.0000    1.0000
   130  1 18.5000   13.5000    1.0000
   131  1  7.0000   14.5000    1.5000
   132  1  1.5000   15.5000    1.0000
   133  1  3.0000   15.0000    1.0000
   134  1  9.5000   15.0000    1.5000
   135  1 19.5000   15.0000    1.5000
   136  1  0.5000   16.0000    1.5000
   137  1  5.5000   16.5000    1.0000
   138  1  6.0000   16.5000    1.5000
   139  1  7.5000   16.5000    1.0000
   140  1  1.0000   17.0000    1.0000
   141  1  4.5000   17.5000    1.0000
   142  1  6.0000   17.0000    1.0000
   143  1  8.5000   17.0000    1.5000
   144  1 17.0000   17.0000    1.0000
   145  1 17.5000   17.5000    1.0000
   146  1  2.0000   18.0000    1.0000
   147  1  6.5000   18.5000    1.0000
   148  1 10.0000   18.5000    1.5000
   149  1 16.5000   18.5000    1.0000
   150  1 17.5000   18.0000    1.5000
   151  1 17.5000   18.5000    1.0000
   152  1 18.0000   18.5000    1.5000
   153  1  0.0000   19.0000    1.0000
   154  1  1.0000   19.0000    1.0000
   155  1  8.0000   19.5000    1.5000
   156  1 15.5000   19.0000    1.5000
   157  1 16.0000   19.5000    1.5000
   158  1 19.5000   19.0000    1.5000
   159  1  0.0000    0.0000    2.0000
   160  1  2.5000    0.0000    2.5000
   161  1  3.5000    0.5000    2.0000
   162  1 10.5000    0.0000    2.5000
   163  1 18.0000    0.0000    2.0000
   164  1 19.5000    0.0000    2.5000
   165  1  2.0000    1.5000    2.5000
   166  1  8.5000    1.5000    2.0000
   167  1 11.0000    1.5000    2.5000
   168  1  0.0000    2.5000    2.5000
   169  1  1.5000    2.5000    2.0000
   170  1  7.5000    2.5000    2.0000
   171  1  8.0000    2.0000    2.0000
   172  1 13.0000    2.0000    2.0000
   173  1 17.0000    2.5000    2.5000
   174  1 18.5000    2.5000    2.0000
   175  1 19.5000    2.5000    2.0000
   176  1  5.5000    3.5000    2.0000
   177  1 11.0000    3.5000    2.5000
   178  1 16.0000    3.5000    2.5000
   179  1 19.0000    3.0000    2.0000
   180  1 11.5000    4.5000    2.0000
   181  1  0.0000    5.5000    2.5000
   182  1  7.5000    5.5000    2.0000
   183  1 19.0000    5.0000    2.0000
   184  1  5.5000    6.0000    2.5000
   185  1  5.5000    6.5000    2.0000
   186  1  6.0000    6.0000    2.0000
   187  1 10.5000    6.0000    2.5000
   188  1 11.0000    6.5000    2.5000
   189  1 11.5000    6.5000    2.0000
   190  1  2.5000    7.5000    2.0000
   191  1  6.5000    7.5000    2.0000
   192  1  9.0000    7.0000    2.0000
   193  1 19.5000    7.5000    2.0000
   194  1  0.5000    8.0000    2.5000
   195  1  5.0000    8.5000    2.5000
   196  1 19.0000    8.5000    2.5000
   197  1  4.5000    9.5000    2.0000
   198  1  6.5000    9.5000    2.0000
   199  1 14.5000    9.5000    2.0000
   200  1 17.5000    9.5000    2.0000
   201  1 19.0000    9.0000    2.0000
   202  1  2.5000   10.0000    2.5000
   203  1  6.0000   10.5000    2.5000
   204  1 10.5000   10.5000    2.0000
   205  1 19.0000   10.0000    2.0000
   206  1 19.5000   10.0000    2.5000
   207  1  6.5000   11.0000    2.5000
   208  1 10.5000   11.0000    2.5000
   209  1 14.0000   11.5000    2.5000
   210  1 15.0000   11.0000    2.0000
   211  1 17.5000   11.5000    2.0000
   212  1  1.5000   12.0000    2.5000
   213  1  3.0000   12.0000    2.0000
   214  1  7.0000   12.0000    2.0000
   215  1  8.5000   12.0000    2.5000
   216  1  8.5000   12.5000    2.0000
   217  1 16.5000   12.0000    2.5000
   218  1 17.5000   12.0000    2.5000
   219  1  0.5000   13.0000    2.5000
   220  1  0.5000   13.5000    2.0000
   221  1  3.5000   13.0000    2.5000
   222  1 11.5000   13.5000    2.0000
   223  1 16.0000   13.0000    2.0000
   224  1 17.0000   13.0000    2.0000
   225  1 17.5000   13.0000    2.5000
   226  1 18.0000   13.0000    2.0000
   227  1  2.0000   14.0000    2.0000
   228  1  2.5000   14.0000    2.5000
   229  1  4.5000   14.5000    2.0000
   230  1 10.0000   14.5000    2.5000
   231  1 12.5000   14.0000    2.5000
   232  1 14.0000   14.5000    2.5000
   233  1  3.5000   15.5000    2.0000
   234  1  4.5000   15.0000    2.5000
   235  1  7.0000   15.0000    2.0000
   236  1 12.0000   15.5000    2.5000
   237  1 15.0000   15.5000    2.5000
   238  1 18.5000   15.5000    2.0000
   239  1  3.5000   16.5000    2.0000
   240  1  4.5000   16.0000    2.5000
   241  1  4.5000   16.5000    2.0000
   242  1 17.0000   16.0000    2.0000
   243  1  5.5000   17.0000    2.5000
   244  1 13.5000   17.0000    2.5000
   245  1 19.0000   17.5000    2.5000
   246  1  2.5000   18.0000    2.5000
   247  1  4.0000   18.0000    2.0000
   248  1 14.0000   18.0000    2.0000
   249  1 15.5000   18.5000    2.0000
   250  1 17.0000   18.0000    2.0000
   251  1  6.0000   19.0000    2.0000
   252  1 12.0000   19.5000    2.5000
   253  1  7.5000    0.0000    3.5000
   254  1 10.5000    0.5000    3.0000
   255  1 11.0000    0.5000    3.5000
   256  1 18.0000    0.0000    3.0000
   257  1  8.0000    1.0000    3.0000
   258  1 11.0000    1.0000    3.0000
   259  1 12.0000    1.5000    3.5000
   260  1  5.0000    2.5000    3.5000
   261  1  7.5000    2.5000    3.0000
   262  1 10.5000    2.0000    3.5000
   263  1 16.0000    2.5000    3.5000
   264  1 18.0000    2.0000    3.0000
   265  1 18.0000    2.5000    3.5000
   266  1  0.5000    3.0000    3.5000
   267  1  6.5000    3.5000    3.0000
   268  1 12.0000    3.0000    3.0000
   269  1 16.0000    3.0000    3.0000
   270  1  0.0000    4.0000    3.0000
   271  1  2.5000    4.0000    3.5000
   272  1  4.5000    4.5000    3.0000
   273  1  5.0000    4.0000    3.0000
   274  1  6.5000    4.0000    3.5000
   275  1  8.0000    4.0000    3.0000
   276  1 16.0000    4.0000    3.0000
   277  1 17.5000    4.0000    3.5000
   278  1  0.5000    5.5000    3.0000
   279  1  2.0000    5.0000    3.0000
   280  1  3.5000    5.0000    3.5000
   281  1 17.0000    5.0000    3.0000
   282  1  1.5000    6.0000    3.5000
   283  1  5.5000    6.0000    3.5000
   284  1  6.0000    6.0000    3.0000
   285  1  6.0000    6.5000    3.5000
   286  1  0.5000    7.0000    3.5000
   287  1 11.0000    7.0000    3.0000
   288  1 14.0000    7.0000    3.0000
   289  1 14.0000    7.5000    3.5000
   290  1  9.0000    8.0000    3.0000
   291  1 15.5000    8.5000    3.0000
   292  1 16.5000    8.0000    3.5000
   293  1  6.5000    9.5000    3.0000
   294  1  7.5000    9.0000    3.5000
   295  1 12.0000    9.0000    3.0000
   296  1 14.5000    9.5000    3.0000
   297  1 17.5000    9.5000    3.0000
   298  1 18.5000    9.5000    3.0000
   299  1 19.0000    9.0000    3.0000
   300  1  4.0000   10.5000    3.5000
   301  1  6.0000   10.5000    3.5000
   302  1 14.0000   10.5000    3.5000
   303  1  4.0000   11.0000    3.0000
   304  1 10.5000   11.5000    3.0000
   305  1 11.0000   11.5000    3.5000
   306  1 18.0000   11.5000    3.5000
   307  1  2.5000   12.0000    3.5000
   308  1  9.0000   12.5000    3.5000
   309  1 11.0000   12.5000    3.5000
   310  1 12.5000   12.5000    3.0000
   311  1 18.0000   12.0000    3.0000
   312  1  6.5000   13.0000    3.5000
   313  1  7.0000   14.0000    3.0000
   314  1 11.0000   14.0000    3.0000
   315  1 15.0000   14.0000    3.0000
   316  1 15.0000   14.5000    3.5000
   317  1 17.5000   14.0000    3.5000
   318  1  7.5000   15.0000    3.5000
   319  1  8.5000   15.5000    3.0000
   320  1 15.5000   15.0000    3.5000
   321  1 17.0000   15.0000    3.0000
   322  1 17.0000   15.5000    3.5000
   323  1 13.0000   16.5000    3.5000
   324  1 13.5000   16.0000    3.5000
   325  1  3.0000   17.0000    3.0000
   326  1  9.5000   17.5000    3.0000
   327  1 13.5000   17.5000    3.0000
   328  1  7.0000   18.0000    3.0000
   329  1 10.0000   18.5000    3.5000
   330  1  0.0000   19.5000    3.5000
   331  1  0.5000   19.0000    3.5000
   332  1  2.5000   19.5000    3.0000
   333  1 12.5000   19.0000    3.5000
   334  1 13.0000   19.5000    3.5000
   335  1 17.0000   19.5000    3.5000
   336  1 19.5000   19.5000    3.0000
   337  1  2.5000    0.0000    4.5000
   338  1  5.0000    0.5000    4.5000
   339  1  7.5000    0.0000    4.5000
   340  1 13.5000    0.0000    4.5000
   341  1 16.0000    0.5000    4.5000
   342  1  4.0000    1.5000    4.5000
   343  1  8.0000    1.5000    4.5000
   344  1  8.5000    1.0000    4.5000
   345  1 18.5000    1.5000    4.0000
   346  1  2.5000    2.5000    4.0000
   347  1  9.5000    2.5000    4.0000
   348  1 11.5000    2.0000    4.5000
   349  1  4.0000    3.5000    4.5000
   350  1  8.0000    3.0000    4.0000
   351  1 12.0000    3.5000    4.5000
   352  1 18.0000    3.0000    4.0000
   353  1 13.5000    4.5000    4.0000
   354  1  0.0000    5.0000    4.0000
   355  1  0.0000    5.5000    4.5000
   356  1  0.5000    5.0000    4.5000
   357  1  5.5000    5.5000    4.0000
   358  1  6.0000    5.0000    4.0000
   359  1  6.0000    5.5000    4.5000
   360  1 11.5000    5.5000    4.0000
   361  1 15.0000    5.0000    4.0000
   362  1 17.0000    5.0000    4.0000
   363  1 17.0000    5.5000    4.5000
   364  1 11.5000    6.5000    4.0000
   365  1  1.5000    7.0000    4.5000
   366  1  2.5000    7.5000    4.0000
   367  1  5.5000    7.5000    4.0000
   368  1  7.0000    7.0000    4.0000
   369  1 11.5000    7.5000    4.0000
   370  1 15.0000    7.0000    4.0000
   371  1 18.5000    7.5000    4.0000
   372  1  0.5000    8.0000    4.5000
   373  1  3.5000    8.5000    4.0000
   374  1  7.5000    8.0000    4.5000
   375  1 10.5000    8.5000    4.0000
   376  1 12.0000    8.5000    4.5000
   377  1 13.0000    8.5000    4.5000
   378  1 19.0000    8.5000    4.5000
   379  1  1.0000    9.0000    4.0000
   380  1  2.5000    9.0000    4.5000
   381  1 12.0000    9.5000    4.5000
   382  1 12.5000    9.5000    4.0000
   383  1 13.5000    9.5000    4.0000
   384  1  3.5000   10.5000    4.0000
   385  1 12.0000   10.5000    4.5000
   386  1  3.0000   11.0000    4.0000
   387  1  5.5000   11.0000    4.5000
   388  1 18.5000   11.0000    4.5000
   389  1  3.0000   12.0000    4.0000
   390  1  9.0000   12.0000    4.0000
   391  1 11.5000   12.5000    4.0000
   392  1  7.0000   13.0000    4.0000
   393  1  9.5000   13.0000    4.5000
   394  1 12.5000   13.0000    4.5000
   395  1 19.5000   13.0000    4.5000
   396  1  1.0000   14.0000    4.0000
   397  1 16.0000   14.0000    4.0000
   398  1 16.0000   14.5000    4.5000
   399  1 19.5000   14.5000    4.0000
   400  1  1.0000   15.5000    4.5000
   401  1  3.0000   15.5000    4.5000
   402  1  3.5000   15.0000    4.5000
   403  1  6.0000   15.0000    4.0000
   404  1  6.5000   15.0000    4.5000
   405  1  9.5000   15.0000    4.5000
   406  1 10.5000   15.0000    4.5000
   407  1  0.0000   16.0000    4.0000
   408  1  1.0000   16.5000    4.5000
   409  1  7.0000   16.0000    4.0000
   410  1 11.0000   16.0000    4.0000
   411  1 13.0000   16.0000    4.0000
   412  1  1.5000   17.5000    4.0000
   413  1  2.0000   17.0000    4.0000
   414  1  9.5000   17.5000    4.0000
   415  1 16.5000   17.5000    4.0000
   416  1  2.0000   18.5000    4.5000
   417  1  3.5000   18.5000    4.0000
   418  1  1.5000   19.5000    4.0000
   419  1 11.5000   19.5000    4.0000
   420  1  5.0000    0.5000    5.5000
   421  1  5.5000    0.5000    5.0000
   422  1  6.0000    0.0000    5.0000
   423  1 15.0000    0.5000    5.5000
   424  1 19.0000    0.0000    5.0000
   425  1  2.0000    1.0000    5.0000
   426  1  5.5000    1.0000    5.5000
   427  1  7.0000    1.0000    5.0000
   428  1 14.5000    1.5000    5.0000
   429  1 15.0000    1.5000    5.5000
   430  1  0.0000    2.0000    5.0000
   431  1  5.5000    2.5000    5.0000
   432  1 11.0000    2.5000    5.5000
   433  1 17.0000    2.0000    5.0000
   434  1  3.5000    3.0000    5.5000
   435  1  4.5000    3.5000    5.0000
   436  1  8.5000    3.0000    5.5000
   437  1  9.0000    3.5000    5.5000
   438  1  8.5000    4.0000    5.5000
   439  1 15.0000    4.0000    5.0000
   440  1 12.5000    5.5000    5.0000
   441  1  3.0000    6.5000    5.5000
   442  1  9.0000    6.0000    5.0000
   443  1 12.5000    6.5000    5.0000
   444  1 17.5000    6.0000    5.5000
   445  1  1.5000    7.0000    5.5000
   446  1  2.5000    7.0000    5.5000
   447  1  3.0000    8.5000    5.5000
   448  1  9.0000    8.0000    5.0000
   449  1  9.5000    8.0000    5.5000
   450  1 16.5000    8.0000    5.5000
   451  1  2.0000    9.5000    5.5000
   452  1 11.5000    9.0000    5.5000
   453  1 11.5000    9.5000    5.0000
   454  1  1.5000   10.5000    5.0000
   455  1  2.0000   10.5000    5.5000
   456  1  5.5000   10.5000    5.0000
   457  1  9.0000   10.5000    5.5000
   458  1 16.5000   10.0000    5.5000
   459  1 18.0000   10.5000    5.5000
   460  1 18.5000   10.0000    5.5000
   461  1  1.5000   11.0000    5.5000
   462  1  3.5000   11.0000    5.5000
   463  1  8.5000   11.0000    5.5000
   464  1  9.0000   11.0000    5.0000
   465  1 17.0000   11.0000    5.0000
   466  1  6.5000   12.0000    5.5000
   467  1  7.0000   12.0000    5.0000
   468  1  6.5000   13.5000    5.0000
   469  1  7.5000   13.0000    5.5000
   470  1  9.5000   13.0000    5.5000
   471  1 16.5000   13.0000    5.5000
   472  1  8.5000   14.0000    5.5000
   473  1  9.0000   14.0000    5.0000
   474  1 12.0000   14.0000    5.0000
   475  1 13.0000   14.5000    5.5000
   476  1 14.0000   14.0000    5.0000
   477  1  3.0000   15.5000    5.5000
   478  1  4.0000   15.0000    5.0000
   479  1  7.0000   15.5000    5.5000
   480  1  7.5000   15.5000    5.0000
   481  1 11.0000   15.0000    5.0000
   482  1 11.0000   15.5000    5.5000
   483  1 13.0000   15.5000    5.5000
   484  1 19.5000   15.5000    5.0000
   485  1  0.0000   16.0000    5.0000
   486  1  0.0000   16.5000    5.5000
   487  1  1.5000   16.5000    5.0000
   488  1  2.0000   16.0000    5.0000
   489  1  4.0000   16.5000    5.5000
   490  1  5.0000   16.5000    5.5000
   491  1 10.0000   16.5000    5.5000
   492  1 13.5000   16.0000    5.5000
   493  1 15.5000   16.0000    5.5000
   494  1 18.5000   16.0000    5.5000
   495  1  3.0000   17.5000    5.5000
   496  1  5.0000   17.0000    5.0000
   497  1 10.5000   17.5000    5.0000
   498  1 15.0000   17.5000    5.5000
   499  1 12.5000   18.0000    5.5000
   500  1 15.5000   18.5000    5.0000
   501  1  1.0000   19.5000    5.5000
   502  1  6.5000   19.0000    5.5000
   503  1  7.5000   19.0000    5.5000
   504  1  9.0000   19.0000    5.0000
   505  1  1.0000    0.0000    6.0000
   506  1  3.0000    0.5000    6.5000
   507  1 16.5000    0.5000    6.0000
   508  1 19.0000    0.0000    6.0000
   509  1  0.0000    1.5000    6.5000
   510  1  7.0000    1.5000    6.5000
   511  1 10.5000    1.0000    6.5000
   512  1 12.0000    1.0000    6.0000
   513  1 13.0000    1.0000    6.0000
   514  1 15.5000    1.5000    6.0000
   515  1  3.5000    2.0000    6.5000
   516  1  8.5000    2.0000    6.5000
   517  1  0.0000    3.5000    6.5000
   518  1  1.0000    3.5000    6.5000
   519  1  3.0000    3.5000    6.5000
   520  1  4.0000    3.0000    6.0000
   521  1 16.0000    3.5000    6.5000
   522  1  0.0000    4.5000    6.5000
   523  1  9.5000    4.0000    6.5000
   524  1 10.5000    4.0000    6.5000
   525  1 11.0000    4.0000    6.0000
   526  1 17.5000    4.5000    6.0000
   527  1  5.0000    5.5000    6.5000
   528  1  9.5000    5.0000    6.5000
   529  1 10.0000    5.0000    6.0000
   530  1 12.0000    5.5000    6.5000
   531  1 16.0000    5.0000    6.0000
   532  1 17.5000    5.0000    6.5000
   533  1  7.0000    6.5000    6.5000
   534  1  8.0000    6.0000    6.0000
   535  1 14.5000    6.0000    6.5000
   536  1 17.0000    6.5000    6.5000
   537  1  0.5000    7.0000    6.5000
   538  1  9.5000    7.0000    6.5000
   539  1 11.5000    7.5000    6.0000
   540  1 12.5000    7.0000    6.5000
   541  1 14.0000    7.5000    6.5000
   542  1 18.5000    7.5000    6.0000
   543  1  1.5000    8.5000    6.0000
   544  1  6.0000    8.5000    6.5000
   545  1 15.0000    8.5000    6.5000
   546  1  1.5000    9.5000    6.0000
   547  1  5.5000    9.0000    6.5000
   548  1  5.5000    9.5000    6.0000
   549  1  7.5000    9.0000    6.5000
   550  1 11.5000    9.0000    6.5000
   551  1 14.5000    9.5000    6.0000
   552  1  7.5000   10.0000    6.5000
   553  1  8.0000   10.0000    6.0000
   554  1 14.0000   10.5000    6.5000
   555  1 16.0000   10.5000    6.5000
   556  1  2.0000   11.5000    6.5000
   557  1  2.5000   11.0000    6.5000
   558  1  3.0000   11.5000    6.5000
   559  1  5.0000   11.0000    6.0000
   560  1 14.0000   11.0000    6.0000
   561  1 14.5000   11.0000    6.5000
   562  1 15.0000   11.5000    6.5000
   563  1  2.0000   12.0000    6.0000
   564  1  7.0000   12.5000    6.5000
   565  1 13.0000   12.0000    6.0000
   566  1 15.5000   12.0000    6.5000
   567  1 17.5000   12.5000    6.0000
   568  1 18.5000   12.5000    6.0000
   569  1 14.0000   13.0000    6.0000
   570  1 18.5000   13.0000    6.5000
   571  1  4.0000   14.5000    6.5000
   572  1 19.0000   14.0000    6.0000
   573  1  1.0000   15.5000    6.5000
   574  1  3.0000   15.0000    6.0000
   575  1  9.5000   15.5000    6.0000
   576  1  1.5000   16.5000    6.0000
   577  1  2.5000   16.5000    6.0000
   578  1  3.0000   16.0000    6.0000
   579  1  8.0000   16.5000    6.5000
   580  1 12.0000   16.0000    6.0000
   581  1  3.0000   17.5000    6.5000
   582  1  8.5000   17.5000    6.0000
   583  1 11.0000   17.0000    6.0000
   584  1  0.5000   18.5000    6.0000
   585  1  5.5000   18.5000    6.0000
   586  1  7.5000   18.0000    6.5000
   587  1 16.5000   18.5000    6.0000
   588  1 17.0000   18.0000    6.0000
   589  1  8.0000   19.0000    6.0000
   590  1  0.0000    0.0000    7.0000
   591  1  2.0000    0.5000    7.5000
   592  1 14.0000    0.0000    7.0000
   593  1  1.0000    1.5000    7.5000
   594  1  8.5000    1.0000    7.5000
   595  1  0.5000    2.5000    7.0000
   596  1 17.0000    2.0000    7.0000
   597  1  5.5000    3.5000    7.0000
   598  1 10.5000    3.0000    7.5000
   599  1 13.5000    3.0000    7.5000
   600  1 14.5000    3.5000    7.0000
   601  1 16.0000    4.5000    7.5000
   602  1 17.0000    4.5000    7.5000
   603  1 18.0000    4.0000    7.0000
   604  1  5.5000    5.0000    7.5000
   605  1  7.0000    5.0000    7.0000
   606  1 11.5000    5.0000    7.5000
   607  1  1.5000    6.0000    7.5000
   608  1  7.5000    6.5000    7.0000
   609  1  8.0000    6.0000    7.0000
   610  1 13.0000    6.0000    7.0000
   611  1 15.5000    6.0000    7.5000
   612  1 16.5000    6.5000    7.0000
   613  1  0.0000    7.5000    7.5000
   614  1  2.0000    7.5000    7.5000
   615  1  4.0000    7.0000    7.0000
   616  1 17.0000    7.5000    7.5000
   617  1 18.5000    7.0000    7.5000
   618  1  1.0000    8.0000    7.0000
   619  1  9.0000    8.0000    7.0000
   620  1 10.0000    8.0000    7.0000
   621  1 13.5000    8.0000    7.5000
   622  1 19.0000    8.5000    7.5000
   623  1  3.0000    9.0000    7.0000
   624  1 12.0000    9.0000    7.0000
   625  1 13.5000    9.0000    7.5000
   626  1 15.0000    9.5000    7.5000
   627  1 16.0000    9.0000    7.0000
   628  1  3.5000   10.5000    7.0000
   629  1  4.5000   10.5000    7.0000
   630  1  7.5000   10.5000    7.0000
   631  1  8.5000   10.5000    7.0000
   632  1  9.0000   10.0000    7.0000
   633  1  9.0000   10.5000    7.5000
   634  1 13.0000   10.0000    7.0000
   635  1  3.5000   11.5000    7.0000
   636  1  4.5000   11.5000    7.0000
   637  1  6.0000   11.5000    7.5000
   638  1 17.5000   12.5000    7.0000
   639  1  5.0000   13.0000    7.0000
   640  1  5.0000   13.5000    7.5000
   641  1 13.5000   13.0000    7.5000
   642  1 16.0000   13.5000    7.5000
   643  1 16.5000   13.0000    7.5000
   644  1 18.5000   13.5000    7.0000
   645  1  0.5000   14.5000    7.0000
   646  1 15.0000   14.0000    7.0000
   647  1 17.5000   14.0000    7.5000
   648  1  3.0000   15.5000    7.5000
   649  1  3.5000   15.5000    7.0000
   650  1 11.0000   15.5000    7.5000
   651  1 12.0000   15.0000    7.0000
   652  1 12.5000   15.5000    7.0000
   653  1 13.0000   15.0000    7.0000
   654  1 14.5000   15.5000    7.0000
   655  1 16.5000   15.0000    7.5000
   656  1 17.0000   15.0000    7.0000
   657  1 19.0000   15.5000    7.5000
   658  1  9.5000   16.5000    7.0000
   659  1 14.5000   16.0000    7.5000
   660  1 15.0000   16.5000    7.5000
   661  1 16.0000   16.5000    7.5000
   662  1 18.5000   16.5000    7.0000
   663  1 15.5000   17.5000    7.0000
   664  1 16.0000   17.5000    7.5000
   665  1 19.0000   17.5000    7.5000
   666  1  2.5000   18.5000    7.0000
   667  1 17.0000   18.5000    7.5000
   668  1 17.5000   18.5000    7.0000
   669  1  3.0000   19.5000    7.5000
   670  1  8.5000   19.0000    7.5000
   671  1 14.0000   19.0000    7.0000
   672  1 14.0000   19.5000    7.5000
   673  1 17.0000   19.0000    7.0000
   674  1 18.0000   19.5000    7.5000
   675  1  9.0000    0.0000    8.0000
   676  1 10.0000    0.5000    8.5000
   677  1 10.5000    0.5000    8.0000
   678  1 14.0000    0.5000    8.5000
   679  1 19.0000    0.5000    8.5000
   680  1  0.5000    1.5000    8.0000
   681  1  3.5000    1.5000    8.0000
   682  1  8.0000    1.0000    8.0000
   683  1  8.5000    1.5000    8.0000
   684  1 12.5000    1.5000    8.0000
   685  1 18.0000    1.5000    8.5000
   686  1  0.5000    2.5000    8.0000
   687  1  7.0000    2.5000    8.5000
   688  1 11.5000    2.5000    8.0000
   689  1  2.0000    3.0000    8.0000
   690  1  6.5000    3.5000    8.0000
   691  1  9.0000    3.0000    8.0000
   692  1  8.5000    4.0000    8.5000
   693  1 10.0000    5.0000    8.0000
   694  1 19.0000    5.0000    8.0000
   695  1  1.0000    6.5000    8.5000
   696  1  6.5000    6.5000    8.0000
   697  1  7.0000    6.5000    8.5000
   698  1  7.5000    6.0000    8.5000
   699  1 13.0000    6.0000    8.0000
   700  1 18.5000    6.0000    8.5000
   701  1  0.5000    7.5000    8.0000
   702  1 19.5000    7.5000    8.0000
   703  1  5.5000    8.0000    8.5000
   704  1  9.0000    8.5000    8.5000
   705  1 10.5000    8.5000    8.0000
   706  1 18.5000    8.5000    8.0000
   707  1 15.0000    9.0000    8.0000
   708  1  1.5000   10.0000    8.5000
   709  1  7.0000   10.5000    8.5000
   710  1 14.5000   10.5000    8.0000
   711  1  2.5000   11.5000    8.0000
   712  1  6.5000   11.5000    8.0000
   713  1 10.0000   11.0000    8.0000
   714  1 19.5000   11.5000    8.0000
   715  1 10.0000   12.5000    8.5000
   716  1 13.5000   12.0000    8.5000
   717  1 14.0000   12.5000    8.5000
   718  1 15.0000   12.0000    8.0000
   719  1 17.5000   12.0000    8.5000
   720  1  4.0000   13.0000    8.0000
   721  1  5.5000   13.0000    8.5000
   722  1  8.0000   13.0000    8.0000
   723  1 11.5000   13.5000    8.0000
   724  1 13.0000   13.5000    8.5000
   725  1  2.0000   14.5000    8.5000
   726  1  3.0000   14.5000    8.5000
   727  1  9.0000   14.5000    8.5000
   728  1 10.5000   14.5000    8.0000
   729  1 16.5000   14.0000    8.5000
   730  1  6.0000   15.0000    8.0000
   731  1  6.5000   15.0000    8.5000
   732  1 15.0000   15.5000    8.5000
   733  1 18.5000   15.0000    8.5000
   734  1  1.0000   16.5000    8.5000
   735  1  9.5000   16.0000    8.5000
   736  1 10.5000   16.0000    8.5000
   737  1 11.5000   16.5000    8.0000
   738  1 15.0000   16.0000    8.0000
   739  1  0.5000   17.5000    8.0000
   740  1  1.5000   17.0000    8.5000
   741  1  4.0000   17.5000    8.5000
   742  1  5.0000   17.0000    8.0000
   743  1  6.5000   17.0000    8.5000
   744  1 11.0000   17.0000    8.0000
   745  1 14.0000   17.0000    8.0000
   746  1 15.0000   17.5000    8.5000
   747  1 19.5000   17.5000    8.0000
   748  1  4.5000   18.0000    8.5000
   749  1  4.5000   18.5000    8.0000
   750  1  6.5000   18.0000    8.5000
   751  1  9.5000   18.0000    8.5000
   752  1 11.5000   18.0000    8.5000
   753  1 12.5000   18.0000    8.5000
   754  1 13.0000   18.0000    8.0000
   755  1 13.5000   18.5000    8.0000
   756  1 11.5000   19.0000    8.5000
   757  1 15.0000   19.0000    8.0000
   758  1 19.5000   19.0000    8.5000
   759  1 12.0000    0.0000    9.0000
   760  1  6.0000    1.5000    9.5000
   761  1  8.5000    2.0000    9.5000
   762  1  9.5000    2.0000    9.5000
   763  1 15.5000    2.0000    9.5000
   764  1 16.0000    2.5000    9.5000
   765  1 17.0000    2.5000    9.5000
   766  1  0.0000    3.0000    9.0000
   767  1 15.5000    3.5000    9.0000
   768  1 17.5000    3.0000    9.5000
   769  1  3.5000    4.0000    9.5000
   770  1  6.0000    5.0000    9.0000
   771  1 11.0000    5.0000    9.0000
   772  1 11.0000    5.5000    9.5000
   773  1 16.0000    5.0000    9.0000
   774  1 16.5000    5.5000    9.0000
   775  1  1.0000    6.5000    9.5000
   776  1  4.5000    6.5000    9.0000
   777  1  9.5000    6.0000    9.5000
   778  1 11.0000    6.0000    9.0000
   779  1 14.0000    6.5000    9.5000
   780  1 19.0000    6.5000    9.5000
   781  1  5.0000    7.0000    9.0000
   782  1  7.5000    7.0000    9.5000
   783  1 14.0000    7.5000    9.5000
   784  1  2.5000    8.0000    9.5000
   785  1  4.0000    8.5000    9.5000
   786  1 10.5000    8.0000    9.5000
   787  1 12.5000    8.5000    9.0000
   788  1 13.0000    8.0000    9.0000
   789  1  3.5000    9.0000    9.5000
   790  1  4.5000    9.0000    9.5000
   791  1  9.5000    9.0000    9.5000
   792  1 10.0000    9.5000    9.5000
   793  1  8.0000   10.5000    9.5000
   794  1 10.0000   10.0000    9.0000
   795  1 15.5000   10.5000    9.0000
   796  1  9.5000   11.5000    9.0000
   797  1 16.0000   11.5000    9.5000
   798  1  2.0000   12.0000    9.0000
   799  1  4.0000   12.5000    9.5000
   800  1  9.0000   12.0000    9.0000
   801  1  0.5000   13.0000    9.5000
   802  1  6.0000   13.0000    9.0000
   803  1  8.0000   13.0000    9.0000
   804  1 18.5000   13.5000    9.0000
   805  1  3.0000   14.0000    9.0000
   806  1 15.0000   14.0000    9.0000
   807  1 18.0000   14.0000    9.0000
   808  1  1.0000   15.0000    9.0000
   809  1  2.5000   15.0000    9.5000
   810  1  5.5000   16.0000    9.5000
   811  1 14.5000   16.0000    9.5000
   812  1 16.0000   16.5000    9.5000
   813  1 17.5000   16.5000    9.0000
   814  1 14.0000   17.0000    9.0000
   815  1  3.0000   18.0000    9.0000
   816  1  3.0000   18.5000    9.5000
   817  1  5.5000   18.0000    9.5000
   818  1 13.5000   18.0000    9.5000
   819  1 14.0000   18.5000    9.5000
   820  1 14.5000   18.5000    9.0000
   821  1 16.5000   18.5000    9.0000
   822  1 17.5000   18.0000    9.5000
   823  1 19.5000   18.5000    9.0000
   824  1  3.0000   19.5000    9.5000
   825  1  6.0000   19.0000    9.0000
   826  1 13.5000   19.0000    9.5000
   827  1  0.0000    0.0000   10.0000
   828  1  8.0000    0.0000   10.0000
   829  1  8.5000    0.5000   10.0000
   830  1  0.5000    1.0000   10.5000
   831  1 13.0000    1.5000   10.5000
   832  1  5.0000    3.0000   10.0000
   833  1 11.0000    3.0000   10.0000
   834  1 15.0000    3.5000   10.5000
   835  1 18.0000    3.0000   10.0000
   836  1 13.5000    4.0000   10.5000
   837  1 14.5000    4.5000   10.0000
   838  1 17.0000    4.5000   10.5000
   839  1  2.5000    6.0000   10.5000
   840  1  3.0000    6.0000   10.0000
   841  1  3.0000    6.5000   10.5000
   842  1  4.0000    6.5000   10.5000
   843  1 17.0000    6.0000   10.0000
   844  1  3.0000    7.0000   10.0000
   845  1  6.5000    7.0000   10.5000
   846  1 14.0000    7.5000   10.5000
   847  1 19.0000    7.0000   10.0000
   848  1  8.0000    8.0000   10.0000
   849  1 10.0000    8.0000   10.0000
   850  1 19.5000    8.0000   10.5000
   851  1  1.5000    9.0000   10.5000
   852  1  2.5000    9.5000   10.0000
   853  1  7.0000   10.0000   10.0000
   854  1  7.0000   10.5000   10.5000
   855  1 14.5000   10.5000   10.0000
   856  1  0.5000   11.0000   10.5000
   857  1  0.0000   12.5000   10.5000
   858  1  1.5000   12.5000   10.0000
   859  1  4.0000   12.0000   10.0000
   860  1  7.0000   12.0000   10.0000
   861  1  8.0000   12.0000   10.0000
   862  1  8.0000   12.5000   10.5000
   863  1 10.0000   12.0000   10.0000
   864  1 11.0000   12.5000   10.5000
   865  1 12.0000   12.0000   10.0000
   866  1 12.0000   12.5000   10.5000
   867  1  1.5000   13.0000   10.5000
   868  1  4.5000   13.0000   10.5000
   869  1 10.0000   13.5000   10.5000
   870  1 16.5000   13.5000   10.0000
   871  1 17.0000   13.5000   10.5000
   872  1 17.5000   13.0000   10.5000
   873  1 17.5000   14.0000   10.5000
   874  1  2.0000   15.5000   10.5000
   875  1  6.5000   15.5000   10.0000
   876  1  7.0000   15.5000   10.5000
   877  1 13.0000   15.5000   10.5000
   878  1 17.0000   15.0000   10.0000
   879  1 17.0000   15.5000   10.5000
   880  1 17.5000   15.5000   10.0000
   881  1 19.5000   15.0000   10.5000
   882  1  7.0000   16.0000   10.0000
   883  1 10.0000   16.0000   10.0000
   884  1 11.0000   16.0000   10.0000
   885  1 11.0000   16.5000   10.5000
   886  1  1.5000   17.0000   10.5000
   887  1  3.5000   17.0000   10.5000
   888  1  5.5000   17.0000   10.5000
   889  1  8.5000   17.0000   10.5000
   890  1 10.0000   17.5000   10.5000
   891  1 12.5000   17.0000   10.5000
   892  1 15.0000   17.0000   10.0000
   893  1 18.0000   17.5000   10.5000
   894  1  6.0000   18.0000   10.0000
   895  1 16.0000   18.5000   10.5000
   896  1 16.5000   18.5000   10.0000
   897  1  2.0000   19.0000   10.0000
   898  1 12.5000   19.0000   10.5000
   899  1  0.5000    0.0000   11.5000
   900  1  2.0000    0.5000   11.5000
   901  1  3.5000    0.0000   11.5000
   902  1  7.0000    0.0000   11.0000
   903  1 16.0000    0.0000   11.0000
   904  1 15.5000    1.5000   11.0000
   905  1 19.0000    1.0000   11.0000
   906  1  0.5000    2.5000   11.0000
   907  1  3.0000    2.0000   11.0000
   908  1 10.0000    2.5000   11.5000
   909  1 11.5000    2.5000   11.0000
   910  1 12.0000    2.0000   11.0000
   911  1  3.0000    3.5000   11.5000
   912  1 14.0000    3.0000   11.0000
   913  1  8.5000    4.0000   11.5000
   914  1 17.0000    4.5000   11.5000
   915  1  6.5000    5.0000   11.5000
   916  1  8.0000    5.5000   11.5000
   917  1  9.5000    5.5000   11.0000
   918  1 11.0000    5.5000   11.5000
   919  1 16.0000    5.5000   11.5000
   920  1  7.5000    6.0000   11.5000
   921  1 11.5000    6.0000   11.5000
   922  1 13.5000    6.0000   11.5000
   923  1 14.0000    6.0000   11.0000
   924  1 18.5000    6.5000   11.0000
   925  1  9.5000    7.0000   11.5000
   926  1 13.0000    7.0000   11.0000
   927  1 14.0000    7.0000   11.0000
   928  1  2.0000    8.0000   11.0000
   929  1  4.0000    8.5000   11.5000
   930  1 19.5000    8.0000   11.5000
   931  1 13.5000    9.0000   11.5000
   932  1  1.5000   10.0000   11.5000
   933  1 11.5000   10.5000   11.0000
   934  1 18.0000   10.5000   11.5000
   935  1  1.5000   11.5000   11.0000
   936  1  3.5000   11.5000   11.0000
   937  1 14.5000   11.5000   11.0000
   938  1 15.0000   11.0000   11.0000
   939  1  2.5000   12.5000   11.0000
   940  1  3.5000   12.5000   11.0000
   941  1 12.0000   12.0000   11.0000
   942  1 14.5000   12.5000   11.0000
   943  1 15.0000   12.0000   11.0000
   944  1  0.0000   13.5000   11.5000
   945  1  4.0000   13.0000   11.0000
   946  1 10.5000   13.5000   11.0000
   947  1 13.5000   13.5000   11.0000
   948  1 15.5000   13.0000   11.5000
   949  1  3.0000   14.0000   11.0000
   950  1 15.0000   14.5000   11.5000
   951  1 18.5000   14.0000   11.5000
   952  1  6.0000   15.5000   11.5000
   953  1  7.0000   15.5000   11.5000
   954  1 17.5000   15.0000   11.5000
   955  1  3.0000   16.5000   11.5000
   956  1  7.0000   16.0000   11.0000
   957  1 16.0000   16.5000   11.5000
   958  1 18.0000   16.0000   11.0000
   959  1 18.5000   16.5000   11.0000
   960  1 19.5000   16.0000   11.5000
   961  1  6.0000   17.0000   11.0000
   962  1 10.5000   17.5000   11.0000
   963  1 18.0000   17.5000   11.5000
   964  1  5.5000   18.5000   11.0000
   965  1  1.5000   19.5000   11.0000
   966  1  7.5000   19.5000   11.0000
   967  1  7.5000    0.0000   12.5000
   968  1 13.5000    0.0000   12.5000
   969  1 18.0000    0.5000   12.5000
   970  1  8.5000    1.0000   12.5000
   971  1 10.0000    1.0000   12.0000
   972  1 11.0000    1.0000   12.0000
   973  1 15.5000    1.0000   12.5000
   974  1 18.0000    1.5000   12.5000
   975  1 18.5000    1.0000   12.5000
   976  1 19.5000    1.5000   12.0000
   977  1  0.0000    2.5000   12.5000
   978  1  2.0000    2.5000   12.5000
   979  1  4.5000    2.5000   12.0000
   980  1  6.0000    2.0000   12.0000
   981  1 13.5000    2.5000   12.0000
   982  1 15.5000    2.0000   12.5000
   983  1 16.0000    2.5000   12.5000
   984  1 18.0000    2.0000   12.0000
   985  1 11.5000    3.0000   12.5000
   986  1 18.0000    3.5000   12.5000
   987  1  2.0000    4.0000   12.0000
   988  1  9.5000    4.0000   12.5000
   989  1 11.5000    4.0000   12.5000
   990  1 12.0000    4.0000   12.0000
   991  1 18.5000    4.0000   12.5000
   992  1 19.0000    4.0000   12.0000
   993  1  4.0000    5.0000   12.0000
   994  1  5.0000    5.0000   12.0000
   995  1 10.0000    5.0000   12.0000
   996  1 17.0000    5.0000   12.0000
   997  1 19.5000    5.0000   12.5000
   998  1  0.0000    6.0000   12.0000
   999  1  4.5000    6.0000   12.5000
  1000  1 15.0000    6.0000   12.0000
  1001  1 18.0000    6.5000   12.5000
  1002  1 18.5000    6.0000   12.5000
  1003  1  4.0000    7.0000   12.0000
  1004  1  8.0000    7.0000   12.0000
  1005  1 14.5000    7.5000   12.0000
  1006  1 18.5000    7.0000   12.5000
  1007  1  7.5000    8.0000   12.5000
  1008  1 16.5000    8.5000   12.0000
  1009  1  7.5000    9.0000   12.5000
  1010  1 10.0000    9.5000   12.5000
  1011  1 13.5000    9.5000   12.0000
  1012  1 16.0000    9.5000   12.5000
  1013  1 17.0000    9.0000   12.0000
  1014  1 18.0000    9.0000   12.0000
  1015  1  4.0000   10.5000   12.5000
  1016  1  4.5000   10.5000   12.0000
  1017  1  5.5000   11.0000   12.5000
  1018  1  8.5000   11.0000   12.5000
  1019  1 12.0000   11.5000   12.5000
  1020  1 13.0000   11.5000   12.5000
  1021  1  2.5000   12.5000   12.0000
  1022  1  9.0000   12.0000   12.0000
  1023  1 11.0000   12.0000   12.0000
  1024  1 14.5000   12.0000   12.5000
  1025  1 15.0000   12.0000   12.0000
  1026  1 18.0000   12.0000   12.0000
  1027  1  9.0000   13.0000   12.0000
  1028  1 13.5000   13.0000   12.5000
  1029  1 18.0000   13.5000   12.5000
  1030  1 19.5000   13.5000   12.0000
  1031  1  6.5000   14.5000   12.0000
  1032  1 16.5000   14.5000   12.0000
  1033  1 19.0000   14.5000   12.5000
  1034  1  2.5000   15.5000   12.0000
  1035  1  8.5000   15.0000   12.5000
  1036  1  1.0000   16.0000   12.0000
  1037  1  4.0000   16.0000   12.0000
  1038  1 11.0000   16.5000   12.5000
  1039  1  1.0000   17.0000   12.0000
  1040  1  6.5000   17.0000   12.5000
  1041  1  7.0000   17.0000   12.0000
  1042  1 13.5000   17.0000   12.5000
  1043  1 19.0000   17.0000   12.0000
  1044  1 19.5000   17.0000   12.5000
  1045  1  2.5000   18.0000   12.5000
  1046  1  3.5000   18.5000   12.0000
  1047  1 16.5000   18.5000   12.0000
  1048  1 18.0000   18.5000   12.5000
  1049  1  1.5000   19.5000   12.0000
  1050  1  5.0000   19.0000   12.0000
  1051  1  5.5000   19.0000   12.5000
  1052  1  9.5000   19.0000   12.5000
  1053  1  0.0000    0.5000   13.5000
  1054  1  0.5000    0.5000   13.0000
  1055  1 13.5000    0.5000   13.0000
  1056  1  6.0000    1.0000   13.0000
  1057  1 10.0000    1.5000   13.5000
  1058  1  4.0000    2.5000   13.5000
  1059  1 11.5000    2.0000   13.5000
  1060  1 14.0000    2.5000   13.5000
  1061  1 15.0000    2.0000   13.0000
  1062  1 18.0000    2.0000   13.0000
  1063  1  5.5000    3.0000   13.5000
  1064  1 10.0000    3.0000   13.0000
  1065  1 19.0000    3.0000   13.0000
  1066  1  0.0000    4.5000   13.5000
  1067  1  6.0000    4.0000   13.0000
  1068  1  8.5000    4.0000   13.5000
  1069  1 17.5000    4.0000   13.5000
  1070  1  4.0000    5.5000   13.5000
  1071  1 14.5000    5.5000   13.0000
  1072  1 18.5000    5.0000   13.5000
  1073  1  0.5000    6.0000   13.5000
  1074  1  4.0000    6.0000   13.0000
  1075  1  8.5000    6.5000   13.0000
  1076  1 12.5000    6.0000   13.5000
  1077  1 12.5000    6.5000   13.0000
  1078  1 13.0000    6.0000   13.0000
  1079  1 17.5000    6.0000   13.5000
  1080  1 10.5000    7.0000   13.5000
  1081  1 12.5000    7.5000   13.0000
  1082  1 14.0000    7.5000   13.5000
  1083  1 17.0000    7.0000   13.0000
  1084  1  4.5000    8.5000   13.0000
  1085  1  6.5000    8.0000   13.5000
  1086  1  8.0000    8.0000   13.0000
  1087  1  9.5000    8.0000   13.5000
  1088  1  3.5000    9.5000   13.0000
  1089  1  8.0000    9.5000   13.5000
  1090  1 12.5000    9.5000   13.0000
  1091  1 17.0000    9.0000   13.0000
  1092  1  0.5000   10.0000   13.5000
  1093  1  3.5000   10.0000   13.5000
  1094  1 16.0000   10.5000   13.5000
  1095  1 16.5000   10.5000   13.0000
  1096  1 18.5000   10.5000   13.0000
  1097  1 19.5000   10.5000   13.0000
  1098  1  1.5000   11.5000   13.0000
  1099  1  3.0000   11.0000   13.0000
  1100  1  5.5000   11.0000   13.5000
  1101  1  6.0000   11.5000   13.5000
  1102  1 15.5000   11.0000   13.5000
  1103  1  1.0000   12.0000   13.0000
  1104  1  3.0000   12.5000   13.5000
  1105  1  8.0000   12.5000   13.5000
  1106  1 13.0000   12.0000   13.0000
  1107  1 16.5000   12.0000   13.5000
  1108  1 13.5000   13.0000   13.5000
  1109  1 14.0000   13.0000   13.0000
  1110  1 14.5000   13.0000   13.5000
  1111  1 15.5000   13.0000   13.5000
  1112  1 17.5000   13.5000   13.0000
  1113  1  1.5000   14.5000   13.0000
  1114  1  6.5000   14.5000   13.0000
  1115  1  7.0000   14.0000   13.0000
  1116  1 10.0000   14.5000   13.5000
  1117  1 10.5000   14.5000   13.0000
  1118  1 12.0000   14.5000   13.5000
  1119  1 17.5000   14.0000   13.5000
  1120  1  8.5000   15.0000   13.5000
  1121  1 16.5000   15.5000   13.0000
  1122  1  3.0000   16.5000   13.5000
  1123  1  3.5000   16.5000   13.0000
  1124  1  6.0000   16.5000   13.5000
  1125  1  8.0000   16.5000   13.5000
  1126  1  8.5000   16.0000   13.5000
  1127  1 10.0000   16.0000   13.0000
  1128  1 16.0000   16.0000   13.0000
  1129  1 17.0000   16.0000   13.0000
  1130  1  2.5000   17.0000   13.5000
  1131  1  3.5000   17.5000   13.0000
  1132  1  9.5000   17.0000   13.5000
  1133  1 14.0000   17.0000   13.0000
  1134  1  8.5000   18.0000   13.5000
  1135  1 13.0000   18.0000   13.0000
  1136  1 15.0000   18.0000   13.0000
  1137  1 16.0000   18.0000   13.0000
  1138  1 17.0000   18.5000   13.5000
  1139  1 17.5000   18.0000   13.5000
  1140  1  5.5000   19.5000   13.0000
  1141  1 12.0000   19.5000   13.5000
  1142  1 12.0000    0.0000   14.0000
  1143  1 13.0000    0.5000   14.5000
  1144  1  2.5000    1.0000   14.5000
  1145  1  3.0000    1.0000   14.0000
  1146  1  6.5000    1.0000   14.5000
  1147  1  8.5000    1.5000   14.0000
  1148  1 12.0000    1.0000   14.0000
  1149  1 18.0000    1.5000   14.5000
  1150  1  1.5000    2.0000   14.5000
  1151  1  5.5000    2.5000   14.0000
  1152  1 12.5000    2.5000   14.0000
  1153  1  1.0000    3.5000   14.5000
  1154  1  1.5000    3.0000   14.5000
  1155  1  3.0000    3.5000   14.5000
  1156  1  8.0000    3.0000   14.0000
  1157  1  9.0000    3.0000   14.0000
  1158  1 10.0000    3.5000   14.5000
  1159  1 14.5000    3.5000   14.0000
  1160  1 16.0000    3.0000   14.0000
  1161  1 18.5000    3.0000   14.5000
  1162  1  3.0000    4.5000   14.5000
  1163  1  5.0000    4.0000   14.0000
  1164  1 19.5000    4.0000   14.5000
  1165  1  2.0000    5.0000   14.0000
  1166  1 11.5000    5.0000   14.5000
  1167  1 15.5000    5.0000   14.5000
  1168  1 18.5000    6.5000   14.0000
  1169  1 19.0000    6.0000   14.0000
  1170  1  4.0000    7.0000   14.0000
  1171  1  4.5000    7.5000   14.0000
  1172  1  5.5000    7.5000   14.0000
  1173  1 13.5000    7.0000   14.5000
  1174  1 19.0000    7.0000   14.0000
  1175  1  7.5000    8.0000   14.5000
  1176  1 14.0000    8.0000   14.0000
  1177  1 17.5000    8.0000   14.5000
  1178  1  3.0000    9.5000   14.5000
  1179  1  4.0000    9.0000   14.0000
  1180  1  6.5000    9.0000   14.5000
  1181  1  9.5000    9.0000   14.5000
  1182  1 10.5000    9.5000   14.0000
  1183  1  3.5000   10.0000   14.5000
  1184  1  8.0000   10.5000   14.5000
  1185  1  5.5000   11.0000   14.5000
  1186  1  7.0000   11.0000   14.0000
  1187  1 17.0000   11.0000   14.0000
  1188  1 19.0000   11.0000   14.0000
  1189  1  2.0000   12.0000   14.0000
  1190  1  5.0000   12.5000   14.5000
  1191  1  9.5000   12.0000   14.5000
  1192  1 10.0000   12.5000   14.5000
  1193  1 14.0000   12.0000   14.0000
  1194  1 18.5000   12.0000   14.5000
  1195  1  0.0000   13.0000   14.0000
  1196  1  0.0000   13.5000   14.5000
  1197  1 13.5000   13.0000   14.5000
  1198  1 16.5000   13.5000   14.0000
  1199  1 19.0000   13.5000   14.5000
  1200  1  5.5000   14.5000   14.0000
  1201  1 11.5000   14.5000   14.0000
  1202  1 16.5000   14.0000   14.5000
  1203  1 18.0000   14.0000   14.0000
  1204  1  1.0000   15.0000   14.0000
  1205  1  2.0000   15.5000   14.5000
  1206  1  4.5000   15.0000   14.5000
  1207  1 15.0000   15.0000   14.0000
  1208  1 18.0000   15.0000   14.0000
  1209  1 19.0000   15.5000   14.5000
  1210  1  6.0000   16.0000   14.0000
  1211  1  8.0000   16.0000   14.0000
  1212  1 17.5000   16.5000   14.0000
  1213  1 19.5000   16.0000   14.5000
  1214  1  1.0000   17.5000   14.5000
  1215  1  3.0000   17.0000   14.0000
  1216  1  3.0000   17.5000   14.5000
  1217  1  3.5000   17.0000   14.5000
  1218  1  6.0000   17.0000   14.0000
  1219  1 15.5000   17.5000   14.0000
  1220  1  7.0000   18.0000   14.0000
  1221  1 14.0000   18.0000   14.0000
  1222  1 14.0000   18.5000   14.5000
  1223  1  0.0000   19.0000   14.0000
  1224  1  6.0000   19.0000   14.0000
  1225  1  7.0000   19.0000   14.0000
  1226  1 10.0000   19.5000   14.5000
  1227  1 12.0000   19.0000   14.0000
  1228  1 14.5000   19.0000   14.5000
  1229  1 18.5000   19.0000   14.5000
  1230  1  5.0000    0.0000   15.0000
  1231  1  8.0000    0.0000   15.0000
  1232  1  9.0000    0.5000   15.5000
  1233  1  5.0000    1.0000   15.0000
  1234  1  5.5000    1.0000   15.5000
  1235  1 19.0000    1.5000   15.5000
  1236  1  1.0000    2.0000   15.0000
  1237  1  1.5000    2.5000   15.0000
  1238  1  5.5000    2.5000   15.0000
  1239  1 10.5000    2.5000   15.0000
  1240  1 14.5000    2.0000   15.5000
  1241  1 17.0000    2.5000   15.5000
  1242  1  5.5000    3.5000   15.0000
  1243  1  7.0000    3.5000   15.5000
  1244  1 12.5000    3.0000   15.5000
  1245  1 14.5000    3.5000   15.0000
  1246  1 15.5000    3.5000   15.0000
  1247  1 18.5000    3.0000   15.5000
  1248  1  9.0000    4.0000   15.0000
  1249  1 17.0000    4.0000   15.0000
  1250  1  1.5000    5.5000   15.0000
  1251  1  6.5000    5.0000   15.5000
  1252  1 10.0000    5.5000   15.5000
  1253  1  1.5000    6.5000   15.0000
  1254  1  9.5000    6.5000   15.0000
  1255  1 10.5000    6.0000   15.5000
  1256  1 13.0000    6.5000   15.5000
  1257  1  3.0000    7.5000   15.5000
  1258  1  4.5000    7.5000   15.0000
  1259  1 15.5000    7.5000   15.0000
  1260  1  1.0000    8.0000   15.0000
  1261  1  8.0000    8.5000   15.5000
  1262  1  8.0000    9.5000   15.5000
  1263  1  9.5000    9.5000   15.0000
  1264  1 15.0000    9.0000   15.0000
  1265  1  5.0000   10.5000   15.5000
  1266  1  5.5000   10.0000   15.5000
  1267  1  9.0000   10.5000   15.5000
  1268  1 15.5000   10.0000   15.5000
  1269  1 16.5000   10.5000   15.0000
  1270  1 19.5000   10.0000   15.5000
  1271  1  3.5000   11.0000   15.5000
  1272  1 11.0000   11.0000   15.0000
  1273  1 11.5000   11.0000   15.5000
  1274  1 12.5000   11.5000   15.0000
  1275  1  5.0000   12.5000   15.5000
  1276  1  8.0000   12.5000   15.5000
  1277  1  9.0000   12.0000   15.0000
  1278  1 17.0000   12.5000   15.5000
  1279  1  2.5000   13.0000   15.5000
  1280  1  4.5000   13.5000   15.0000
  1281  1 11.5000   13.5000   15.0000
  1282  1 12.0000   13.5000   15.5000
  1283  1 12.5000   13.5000   15.0000
  1284  1 15.0000   13.5000   15.5000
  1285  1 16.5000   13.0000   15.5000
  1286  1  0.0000   14.5000   15.5000
  1287  1  3.5000   14.0000   15.5000
  1288  1  5.0000   14.5000   15.5000
  1289  1 13.0000   14.5000   15.5000
  1290  1 15.5000   14.5000   15.0000
  1291  1 16.5000   14.0000   15.5000
  1292  1 18.0000   14.5000   15.5000
  1293  1  4.5000   15.5000   15.0000
  1294  1  8.0000   15.5000   15.5000
  1295  1  9.5000   15.0000   15.5000
  1296  1 18.5000   15.0000   15.5000
  1297  1  5.0000   16.5000   15.5000
  1298  1  8.0000   16.5000   15.5000
  1299  1  9.5000   16.0000   15.5000
  1300  1 13.0000   16.0000   15.0000
  1301  1  0.0000   17.5000   15.5000
  1302  1  8.0000   17.0000   15.0000
  1303  1 10.5000   17.5000   15.0000
  1304  1 13.5000   17.5000   15.0000
  1305  1 15.0000   17.0000   15.0000
  1306  1  6.0000   18.5000   15.5000
  1307  1  9.0000   18.5000   15.5000
  1308  1 18.5000   18.0000   15.5000
  1309  1 11.0000   19.0000   15.0000
  1310  1 12.5000    0.0000   16.5000
  1311  1  0.0000    1.5000   16.5000
  1312  1  5.0000    1.0000   16.0000
  1313  1  9.5000    1.0000   16.5000
  1314  1 16.0000    1.5000   16.5000
  1315  1  8.5000    2.5000   16.0000
  1316  1  9.0000    2.0000   16.0000
  1317  1  3.5000    3.0000   16.5000
  1318  1  7.5000    3.0000   16.5000
  1319  1 12.5000    3.5000   16.0000
  1320  1  3.5000    4.5000   16.0000
  1321  1 10.5000    4.5000   16.0000
  1322  1 13.0000    4.0000   16.0000
  1323  1 15.5000    4.0000   16.5000
  1324  1  4.5000    5.5000   16.0000
  1325  1 11.5000    5.5000   16.0000
  1326  1 12.0000    5.5000   16.5000
  1327  1 14.0000    5.5000   16.5000
  1328  1  0.5000    6.5000   16.0000
  1329  1  4.5000    6.5000   16.0000
  1330  1  9.5000    6.5000   16.0000
  1331  1 12.0000    6.5000   16.5000
  1332  1  1.0000    7.0000   16.0000
  1333  1 10.0000    7.0000   16.0000
  1334  1  0.0000    8.0000   16.0000
  1335  1  3.5000    8.5000   16.0000
  1336  1 15.5000    8.0000   16.5000
  1337  1  6.0000    9.5000   16.5000
  1338  1  7.0000    9.5000   16.5000
  1339  1  9.5000    9.5000   16.0000
  1340  1 12.5000    9.5000   16.0000
  1341  1 15.0000    9.5000   16.5000
  1342  1 18.5000    9.0000   16.5000
  1343  1  3.0000   10.0000   16.0000
  1344  1  1.0000   11.5000   16.5000
  1345  1  2.5000   11.0000   16.5000
  1346  1  5.5000   11.0000   16.5000
  1347  1  6.5000   11.5000   16.0000
  1348  1  7.0000   11.0000   16.0000
  1349  1 12.5000   11.0000   16.5000
  1350  1 13.5000   11.0000   16.5000
  1351  1 15.0000   11.0000   16.0000
  1352  1 14.5000   12.5000   16.0000
  1353  1  3.0000   13.0000   16.0000
  1354  1 10.0000   13.5000   16.5000
  1355  1 10.5000   13.0000   16.5000
  1356  1 17.0000   13.0000   16.0000
  1357  1 19.5000   13.0000   16.5000
  1358  1  1.5000   14.5000   16.0000
  1359  1  3.0000   14.0000   16.0000
  1360  1  4.0000   14.0000   16.0000
  1361  1  6.5000   14.0000   16.5000
  1362  1 12.5000   14.0000   16.5000
  1363  1 15.5000   14.0000   16.5000
  1364  1  0.5000   15.0000   16.5000
  1365  1  0.5000   15.5000   16.0000
  1366  1  5.5000   15.0000   16.5000
  1367  1  8.0000   15.0000   16.0000
  1368  1  8.5000   15.0000   16.5000
  1369  1 10.5000   15.0000   16.5000
  1370  1  0.5000   16.0000   16.5000
  1371  1  4.0000   16.5000   16.5000
  1372  1 14.5000   16.5000   16.0000
  1373  1 19.0000   16.5000   16.5000
  1374  1  1.0000   17.5000   16.5000
  1375  1  4.0000   17.5000   16.5000
  1376  1  8.5000   17.0000   16.5000
  1377  1 13.5000   17.5000   16.0000
  1378  1  6.5000   18.5000   16.0000
  1379  1 10.5000   18.5000   16.0000
  1380  1 15.0000   18.5000   16.5000
  1381  1 11.5000    0.0000   17.5000
  1382  1 16.0000    0.0000   17.0000
  1383  1 18.0000    0.5000   17.5000
  1384  1  1.0000    1.0000   17.0000
  1385  1  1.5000    1.5000   17.0000
  1386  1 10.0000    1.0000   17.0000
  1387  1 12.0000    1.0000   17.0000
  1388  1 16.5000    1.5000   17.0000
  1389  1  3.0000    2.5000   17.5000
  1390  1  3.5000    2.0000   17.5000
  1391  1  5.0000    2.0000   17.0000
  1392  1 13.5000    2.0000   17.5000
  1393  1 13.5000    2.5000   17.0000
  1394  1  3.5000    3.5000   17.0000
  1395  1  6.5000    3.0000   17.5000
  1396  1 13.5000    3.0000   17.5000
  1397  1 16.0000    3.5000   17.5000
  1398  1 19.0000    4.0000   17.0000
  1399  1  9.5000    5.5000   17.0000
  1400  1 12.0000    5.5000   17.5000
  1401  1  8.0000    6.0000   17.0000
  1402  1  1.0000    7.5000   17.5000
  1403  1  5.5000    7.5000   17.0000
  1404  1  7.5000    7.0000   17.5000
  1405  1  9.0000    7.0000   17.0000
  1406  1 11.5000    7.0000   17.5000
  1407  1 17.5000    7.0000   17.5000
  1408  1 11.0000    8.0000   17.0000
  1409  1  1.0000    9.0000   17.0000
  1410  1  8.0000    9.5000   17.5000
  1411  1 13.0000    9.5000   17.5000
  1412  1 16.5000    9.0000   17.5000
  1413  1  9.0000   10.5000   17.5000
  1414  1 12.5000   10.0000   17.5000
  1415  1 14.0000   10.0000   17.0000
  1416  1  3.0000   11.5000   17.5000
  1417  1  4.0000   11.0000   17.0000
  1418  1  7.0000   11.5000   17.5000
  1419  1 11.0000   11.5000   17.5000
  1420  1 14.5000   11.5000   17.0000
  1421  1 16.0000   11.5000   17.5000
  1422  1 18.0000   11.0000   17.0000
  1423  1  4.5000   12.0000   17.5000
  1424  1 16.5000   12.5000   17.0000
  1425  1 18.5000   12.5000   17.0000
  1426  1  1.0000   13.0000   17.0000
  1427  1 14.0000   13.5000   17.5000
  1428  1  3.0000   14.0000   17.0000
  1429  1 14.5000   14.5000   17.0000
  1430  1 16.5000   14.5000   17.0000
  1431  1 11.5000   15.5000   17.0000
  1432  1 18.0000   15.0000   17.0000
  1433  1  6.5000   16.5000   17.0000
  1434  1  7.5000   16.5000   17.0000
  1435  1  9.0000   16.5000   17.5000
  1436  1 17.0000   16.0000   17.0000
  1437  1 17.0000   16.5000   17.5000
  1438  1 19.5000   16.5000   17.0000
  1439  1  3.0000   17.0000   17.0000
  1440  1  1.0000   18.5000   17.5000
  1441  1 12.5000   18.5000   17.0000
  1442  1  3.0000   19.0000   17.0000
  1443  1  5.5000   19.5000   17.0000
  1444  1  6.0000   19.0000   17.0000
  1445  1  7.0000   19.5000   17.5000
  1446  1  7.5000   19.0000   17.5000
  1447  1  8.5000   19.0000   17.5000
  1448  1 18.0000   19.5000   17.5000
  1449  1  1.0000    0.5000   18.5000
  1450  1  3.0000    0.5000   18.5000
  1451  1  4.0000    0.5000   18.5000
  1452  1  9.0000    0.0000   18.0000
  1453  1 17.5000    0.0000   18.5000
  1454  1  0.0000    1.5000   18.5000
  1455  1  3.5000    1.0000   18.5000
  1456  1  5.5000    1.5000   18.0000
  1457  1  6.5000    1.0000   18.5000
  1458  1  8.5000    1.0000   18.5000
  1459  1  9.5000    1.0000   18.5000
  1460  1 15.5000    1.0000   18.5000
  1461  1  5.5000    2.5000   18.0000
  1462  1 12.0000    2.5000   18.5000
  1463  1 12.5000    2.5000   18.0000
  1464  1 15.0000    2.0000   18.0000
  1465  1 13.5000    3.0000   18.5000
  1466  1 15.5000    3.0000   18.5000
  1467  1 17.0000    3.0000   18.0000
  1468  1 17.0000    3.5000   18.5000
  1469  1  3.0000    4.5000   18.5000
  1470  1  5.5000    4.5000   18.0000
  1471  1  8.5000    4.0000   18.5000
  1472  1  9.0000    4.5000   18.5000
  1473  1  0.0000    5.0000   18.0000
  1474  1  9.0000    5.0000   18.0000
  1475  1 10.5000    5.5000   18.0000
  1476  1 11.5000    5.0000   18.5000
  1477  1  1.0000    6.0000   18.0000
  1478  1  3.5000    6.5000   18.0000
  1479  1  6.5000    6.0000   18.5000
  1480  1 15.5000    6.5000   18.0000
  1481  1  9.0000    7.5000   18.5000
  1482  1 18.0000    7.5000   18.5000
  1483  1  6.5000    8.5000   18.0000
  1484  1  0.5000    9.5000   18.0000
  1485  1  3.0000    9.5000   18.5000
  1486  1  7.0000    9.0000   18.0000
  1487  1 18.0000    9.5000   18.5000
  1488  1  3.0000   10.0000   18.0000
  1489  1  4.0000   10.0000   18.0000
  1490  1 16.5000   10.5000   18.0000
  1491  1  7.0000   11.5000   18.5000
  1492  1 18.5000   11.0000   18.5000
  1493  1 14.5000   12.5000   18.0000
  1494  1 15.0000   12.5000   18.5000
  1495  1  7.0000   13.5000   18.5000
  1496  1  9.0000   13.5000   18.5000
  1497  1 10.0000   13.5000   18.5000
  1498  1 16.0000   13.5000   18.5000
  1499  1 16.5000   13.5000   18.0000
  1500  1 18.0000   13.5000   18.5000
  1501  1  7.5000   14.5000   18.0000
  1502  1  8.0000   14.5000   18.5000
  1503  1 19.5000   14.5000   18.0000
  1504  1  9.5000   15.0000   18.5000
  1505  1  9.5000   15.5000   18.0000
  1506  1 11.5000   15.5000   18.0000
  1507  1  7.0000   16.5000   18.5000
  1508  1  8.0000   16.5000   18.5000
  1509  1 12.0000   16.5000   18.5000
  1510  1 11.0000   17.0000   18.0000
  1511  1 19.0000   17.0000   18.0000
  1512  1  2.5000   18.5000   18.0000
  1513  1 11.0000   18.0000   18.0000
  1514  1 13.5000   18.0000   18.5000
  1515  1 15.0000   18.0000   18.0000
  1516  1 15.5000   18.5000   18.0000
  1517  1  5.0000   19.0000   18.0000
  1518  1  9.5000   19.5000   18.0000
  1519  1 10.5000   19.5000   18.0000
  1520  1 17.0000   19.5000   18.5000
  1521  1 18.0000   19.5000   18.5000
  1522  1 18.5000   19.0000   18.5000
  1523  1  4.0000    0.5000   19.5000
  1524  1  4.5000    0.0000   19.5000
  1525  1  7.0000    0.0000   19.0000
  1526  1 12.5000    0.5000   19.0000
  1527  1 14.5000    0.0000   19.5000
  1528  1 18.5000    0.0000   19.5000
  1529  1  5.5000    1.0000   19.5000
  1530  1 15.0000    1.0000   19.0000
  1531  1 17.5000    1.0000   19.5000
  1532  1 11.5000    2.0000   19.5000
  1533  1 13.0000    2.5000   19.5000
  1534  1 16.5000    3.5000   19.0000
  1535  1 19.0000    3.0000   19.0000
  1536  1  1.0000    4.5000   19.5000
  1537  1  2.0000    4.0000   19.0000
  1538  1 13.0000    4.0000   19.0000
  1539  1 13.0000    4.5000   19.5000
  1540  1 14.0000    4.5000   19.5000
  1541  1 19.0000    4.0000   19.0000
  1542  1  2.0000    5.0000   19.0000
  1543  1 11.0000    5.5000   19.5000
  1544  1 13.5000    5.0000   19.5000
  1545  1 15.5000    5.5000   19.0000
  1546  1 16.0000    5.0000   19.0000
  1547  1 17.5000    5.5000   19.0000
  1548  1 18.0000    5.0000   19.0000
  1549  1 15.5000    6.5000   19.0000
  1550  1 17.5000    6.0000   19.5000
  1551  1  1.0000    7.0000   19.0000
  1552  1  6.5000    7.5000   19.0000
  1553  1  2.5000    8.0000   19.5000
  1554  1  6.0000    8.5000   19.5000
  1555  1  8.5000    8.0000   19.5000
  1556  1 13.0000    8.0000   19.0000
  1557  1  1.0000    9.5000   19.5000
  1558  1 15.0000    9.5000   19.5000
  1559  1 17.0000    9.0000   19.0000
  1560  1  4.5000   10.5000   19.0000
  1561  1  6.5000   10.5000   19.0000
  1562  1 15.0000   10.0000   19.0000
  1563  1 15.5000   10.0000   19.5000
  1564  1 17.5000   10.0000   19.5000
  1565  1  3.5000   11.5000   19.0000
  1566  1  8.5000   11.0000   19.5000
  1567  1 10.5000   11.5000   19.0000
  1568  1 10.5000   12.0000   19.5000
  1569  1 11.0000   12.0000   19.0000
  1570  1 18.5000   12.0000   19.5000
  1571  1 19.0000   12.0000   19.0000
  1572  1  1.5000   13.0000   19.5000
  1573  1  9.0000   13.5000   19.5000
  1574  1 12.0000   13.0000   19.0000
  1575  1 16.5000   13.5000   19.0000
  1576  1 14.5000   14.5000   19.0000
  1577  1  2.0000   15.0000   19.0000
  1578  1  8.5000   15.5000   19.0000
  1579  1 12.0000   15.0000   19.0000
  1580  1 12.5000   15.5000   19.0000
  1581  1 15.0000   15.5000   19.5000
  1582  1 17.5000   15.5000   19.0000
  1583  1  3.5000   16.5000   19.0000
  1584  1  4.0000   16.5000   19.5000
  1585  1  7.5000   16.0000   19.5000
  1586  1 10.0000   16.0000   19.0000
  1587  1 10.0000   16.5000   19.5000
  1588  1 15.0000   16.0000   19.0000
  1589  1 16.5000   16.0000   19.5000
  1590  1 18.0000   16.0000   19.0000
  1591  1  1.5000   17.0000   19.5000
  1592  1  1.5000   17.5000   19.0000
  1593  1  5.5000   17.0000   19.5000
  1594  1  8.0000   17.0000   19.0000
  1595  1 13.5000   17.0000   19.5000
  1596  1  7.5000   18.5000   19.0000
  1597  1  9.5000   18.0000   19.5000
  1598  1 15.0000   18.0000   19.0000
  1599  1 16.5000   18.5000   19.0000
  1600  1  5.5000   19.5000   19.0000
