1 1  0.5000000   0.5000000   0.0000000   2.0575  
1 1  1.0000000   0.0000000   0.0000000   0.0830  
1 1  1.0000000   1.0000000   0.0000000  -0.0453  
1 1  1.5000000   0.5000000   0.0000000   0.0859  
1 1  2.0000000   0.0000000   0.0000000   0.0131  
1 1  1.5000000   1.5000000   0.0000000  -0.0914  
1 1  2.0000000   1.0000000   0.0000000   0.0187  
1 1  2.5000000   0.5000000   0.0000000  -0.0072  
1 1  2.0000000   2.0000000   0.0000000   0.0120  
1 1  2.5000000   1.5000000   0.0000000  -0.0084  
1 1  3.0000000   0.0000000   0.0000000  -0.0027  
1 1  3.0000000   1.0000000   0.0000000   0.0077  
1 1  2.5000000   2.5000000   0.0000000   0.0456  
1 1  3.5000000   0.5000000   0.0000000   0.0003  
1 1  3.0000000   2.0000000   0.0000000  -0.0167  
1 1  3.5000000   1.5000000   0.0000000   0.0020  
1 1  4.0000000   0.0000000   0.0000000  -0.0006  
1 1  4.0000000   1.0000000   0.0000000   0.0009  
1 1  3.0000000   3.0000000   0.0000000   0.0139  
1 1  3.5000000   2.5000000   0.0000000  -0.0073  
1 1  4.0000000   2.0000000   0.0000000  -0.0014  
1 1  4.5000000   0.5000000   0.0000000   0.0000  
1 1  4.5000000   1.5000000   0.0000000  -0.0013  
1 1  3.5000000   3.5000000   0.0000000  -0.0112  
1 1  4.0000000   3.0000000   0.0000000   0.0114  
1 1  5.0000000   0.0000000   0.0000000  -0.0004  
1 1  5.0000000   1.0000000   0.0000000  -0.0005  
1 1  4.5000000   2.5000000   0.0000000  -0.0012  
1 1  5.0000000   2.0000000   0.0000000  -0.0001  
1 1  5.5000000   0.5000000   0.0000000  -0.0023  
1 1  4.0000000   4.0000000   0.0000000  -0.0207  
1 1  4.5000000   3.5000000   0.0000000   0.0128  
1 1  5.5000000   1.5000000   0.0000000  -0.0026  
1 1  5.0000000   3.0000000   0.0000000  -0.0024  
1 1  6.0000000   0.0000000   0.0000000  -0.0038  
1 1  5.5000000   2.5000000   0.0000000   0.0014  
1 1  6.0000000   1.0000000   0.0000000  -0.0025  
1 1  6.0000000   2.0000000   0.0000000   0.0007  
1 1  4.5000000   4.5000000   0.0000000  -0.0097  
1 1  5.0000000   4.0000000   0.0000000   0.0003  
1 1  5.0000000   5.0000000   0.0000000   0.0103
