   1   1  -1  -1  -1  14   1      0.0354580      0.0308045      0.0308045      0.0308045      0.0354580      0.0308045      0.0308045      0.0308045      0.0354580
   1   1   0  -1  -1  14   2     -0.0605210      0.0000000      0.0000000      0.0000000     -0.1191885     -0.3982435      0.0000000     -0.3982435     -0.1191885
   1   1   1  -1  -1  14   3      0.0354580     -0.0308045     -0.0308045     -0.0308045      0.0354580      0.0308045     -0.0308045      0.0308045      0.0354580
   1   1  -1   0  -1  14   4     -0.1191885      0.0000000     -0.3982435      0.0000000     -0.0605210      0.0000000     -0.3982435      0.0000000     -0.1191885
   1   1   0   0  -1  14   5      0.0378710      0.0000000      0.0000000      0.0000000      0.0378710     -0.0000000      0.0000000      0.0000000     -0.3812035
   1   1   1   0  -1  14   6     -0.1191885      0.0000000      0.3982435      0.0000000     -0.0605210      0.0000000      0.3982435      0.0000000     -0.1191885
   1   1  -1   1  -1  14   7      0.0354580     -0.0308045      0.0308045     -0.0308045      0.0354580     -0.0308045      0.0308045     -0.0308045      0.0354580
   1   1   0   1  -1  14   8     -0.0605210     -0.0000000      0.0000000      0.0000000     -0.1191885      0.3982435      0.0000000      0.3982435     -0.1191885
   1   1   1   1  -1  14   9      0.0354580      0.0308045     -0.0308045      0.0308045      0.0354580     -0.0308045     -0.0308045     -0.0308045      0.0354580
   1   1  -1  -1   0  14  10     -0.1191885     -0.3982435      0.0000000     -0.3982435     -0.1191885      0.0000000      0.0000000      0.0000000     -0.0605210
   1   1   0  -1   0  14  11      0.0378710      0.0000000      0.0000000      0.0000000     -0.3812035      0.0000000      0.0000000     -0.0000000      0.0378710
   1   1   1  -1   0  14  12     -0.1191885      0.3982435      0.0000000      0.3982435     -0.1191885      0.0000000      0.0000000      0.0000000     -0.0605210
   1   1  -1   0   0  14  13     -0.3812035      0.0000000      0.0000000     -0.0000000      0.0378710      0.0000000     -0.0000000      0.0000000      0.0378710
   1   1   0   0   0  14  14      1.5228490      0.0000000      0.0000000      0.0000000      1.5228490      0.0000000      0.0000000      0.0000000      1.5228490
   1   1   1   0   0  14  15     -0.3812035      0.0000000      0.0000000      0.0000000      0.0378710      0.0000000      0.0000000      0.0000000      0.0378710
   1   1  -1   1   0  14  16     -0.1191885      0.3982435      0.0000000      0.3982435     -0.1191885      0.0000000      0.0000000      0.0000000     -0.0605210
   1   1   0   1   0  14  17      0.0378710     -0.0000000      0.0000000      0.0000000     -0.3812035      0.0000000      0.0000000      0.0000000      0.0378710
   1   1   1   1   0  14  18     -0.1191885     -0.3982435      0.0000000     -0.3982435     -0.1191885      0.0000000      0.0000000      0.0000000     -0.0605210
   1   1  -1  -1   1  14  19      0.0354580      0.0308045     -0.0308045      0.0308045      0.0354580     -0.0308045     -0.0308045     -0.0308045      0.0354580
   1   1   0  -1   1  14  20     -0.0605210      0.0000000     -0.0000000      0.0000000     -0.1191885      0.3982435      0.0000000      0.3982435     -0.1191885
   1   1   1  -1   1  14  21      0.0354580     -0.0308045      0.0308045     -0.0308045      0.0354580     -0.0308045      0.0308045     -0.0308045      0.0354580
   1   1  -1   0   1  14  22     -0.1191885      0.0000000      0.3982435      0.0000000     -0.0605210      0.0000000      0.3982435      0.0000000     -0.1191885
   1   1   0   0   1  14  23      0.0378710      0.0000000     -0.0000000      0.0000000      0.0378710      0.0000000      0.0000000      0.0000000     -0.3812035
   1   1   1   0   1  14  24     -0.1191885      0.0000000     -0.3982435      0.0000000     -0.0605210      0.0000000     -0.3982435      0.0000000     -0.1191885
   1   1  -1   1   1  14  25      0.0354580     -0.0308045     -0.0308045     -0.0308045      0.0354580      0.0308045     -0.0308045      0.0308045      0.0354580
   1   1   0   1   1  14  26     -0.0605210     -0.0000000     -0.0000000      0.0000000     -0.1191885     -0.3982435      0.0000000     -0.3982435     -0.1191885
   1   1   1   1   1  14  27      0.0354580      0.0308045      0.0308045      0.0308045      0.0354580      0.0308045      0.0308045      0.0308045      0.0354580
