   1   1  -1  -1  -1      0.0354580      0.0308045      0.0308045      0.0308045      0.0354580      0.0308045      0.0308045      0.0308045      0.0354580
   1   1   0  -1  -1     -0.0605210      0.0000000      0.0000000      0.0000000     -0.1191885     -0.3982435      0.0000000     -0.3982435     -0.1191885
   1   1   1  -1  -1      0.0354580     -0.0308045     -0.0308045     -0.0308045      0.0354580      0.0308045     -0.0308045      0.0308045      0.0354580
   1   1  -1   0  -1     -0.1191885      0.0000000     -0.3982435      0.0000000     -0.0605210      0.0000000     -0.3982435      0.0000000     -0.1191885
   1   1   0   0  -1      0.0378710      0.0000000      0.0000000      0.0000000      0.0378710     -0.0000000      0.0000000      0.0000000     -0.3812035
   1   1   1   0  -1     -0.1191885      0.0000000      0.3982435      0.0000000     -0.0605210      0.0000000      0.3982435      0.0000000     -0.1191885
   1   1  -1   1  -1      0.0354580     -0.0308045      0.0308045     -0.0308045      0.0354580     -0.0308045      0.0308045     -0.0308045      0.0354580
   1   1   0   1  -1     -0.0605210     -0.0000000      0.0000000      0.0000000     -0.1191885      0.3982435      0.0000000      0.3982435     -0.1191885
   1   1   1   1  -1      0.0354580      0.0308045     -0.0308045      0.0308045      0.0354580     -0.0308045     -0.0308045     -0.0308045      0.0354580
   1   1  -1  -1   0     -0.1191885     -0.3982435      0.0000000     -0.3982435     -0.1191885      0.0000000      0.0000000      0.0000000     -0.0605210
   1   1   0  -1   0      0.0378710      0.0000000      0.0000000      0.0000000     -0.3812035      0.0000000      0.0000000     -0.0000000      0.0378710
   1   1   1  -1   0     -0.1191885      0.3982435      0.0000000      0.3982435     -0.1191885      0.0000000      0.0000000      0.0000000     -0.0605210
   1   1  -1   0   0     -0.3812035      0.0000000      0.0000000     -0.0000000      0.0378710      0.0000000     -0.0000000      0.0000000      0.0378710
   1   1   0   0   0      1.5228490      0.0000000      0.0000000      0.0000000      1.5228490      0.0000000      0.0000000      0.0000000      1.5228490
   1   1   1   0   0     -0.3812035      0.0000000      0.0000000      0.0000000      0.0378710      0.0000000      0.0000000      0.0000000      0.0378710
   1   1  -1   1   0     -0.1191885      0.3982435      0.0000000      0.3982435     -0.1191885      0.0000000      0.0000000      0.0000000     -0.0605210
   1   1   0   1   0      0.0378710     -0.0000000      0.0000000      0.0000000     -0.3812035      0.0000000      0.0000000      0.0000000      0.0378710
   1   1   1   1   0     -0.1191885     -0.3982435      0.0000000     -0.3982435     -0.1191885      0.0000000      0.0000000      0.0000000     -0.0605210
   1   1  -1  -1   1      0.0354580      0.0308045     -0.0308045      0.0308045      0.0354580     -0.0308045     -0.0308045     -0.0308045      0.0354580
   1   1   0  -1   1     -0.0605210      0.0000000     -0.0000000      0.0000000     -0.1191885      0.3982435      0.0000000      0.3982435     -0.1191885
   1   1   1  -1   1      0.0354580     -0.0308045      0.0308045     -0.0308045      0.0354580     -0.0308045      0.0308045     -0.0308045      0.0354580
   1   1  -1   0   1     -0.1191885      0.0000000      0.3982435      0.0000000     -0.0605210      0.0000000      0.3982435      0.0000000     -0.1191885
   1   1   0   0   1      0.0378710      0.0000000     -0.0000000      0.0000000      0.0378710      0.0000000      0.0000000      0.0000000     -0.3812035
   1   1   1   0   1     -0.1191885      0.0000000     -0.3982435      0.0000000     -0.0605210      0.0000000     -0.3982435      0.0000000     -0.1191885
   1   1  -1   1   1      0.0354580     -0.0308045     -0.0308045     -0.0308045      0.0354580      0.0308045     -0.0308045      0.0308045      0.0354580
   1   1   0   1   1     -0.0605210     -0.0000000     -0.0000000      0.0000000     -0.1191885     -0.3982435      0.0000000     -0.3982435     -0.1191885
   1   1   1   1   1      0.0354580      0.0308045      0.0308045      0.0308045      0.0354580      0.0308045      0.0308045      0.0308045      0.0354580
