  1         0.0000000000000000  0.0000000000000000  0.0000000000000000
  2         0.3333333333333333  0.0000000000000000  0.0000000000000000
  3         0.6666666666666666  0.0000000000000000  0.0000000000000000
  4         0.0000000000000000  0.3333333333333333  0.0000000000000000
  5         0.3333333333333333  0.3333333333333333  0.0000000000000000
  6         0.6666666666666666  0.3333333333333333  0.0000000000000000
  7         0.0000000000000000  0.6666666666666666  0.0000000000000000
  8         0.3333333333333333  0.6666666666666666  0.0000000000000000
  9         0.6666666666666666  0.6666666666666666  0.0000000000000000
 10         0.0000000000000000  0.0000000000000000  0.3333333333333333
 11         0.3333333333333333  0.0000000000000000  0.3333333333333333
 12         0.6666666666666666  0.0000000000000000  0.3333333333333333
 13         0.0000000000000000  0.3333333333333333  0.3333333333333333
 14         0.3333333333333333  0.3333333333333333  0.3333333333333333
 15         0.6666666666666666  0.3333333333333333  0.3333333333333333
 16         0.0000000000000000  0.6666666666666666  0.3333333333333333
 17         0.3333333333333333  0.6666666666666666  0.3333333333333333
 18         0.6666666666666666  0.6666666666666666  0.3333333333333333
 19         0.0000000000000000  0.0000000000000000  0.6666666666666666
 20         0.3333333333333333  0.0000000000000000  0.6666666666666666
 21         0.6666666666666666  0.0000000000000000  0.6666666666666666
 22         0.0000000000000000  0.3333333333333333  0.6666666666666666
 23         0.3333333333333333  0.3333333333333333  0.6666666666666666
 24         0.6666666666666666  0.3333333333333333  0.6666666666666666
 25         0.0000000000000000  0.6666666666666666  0.6666666666666666
 26         0.3333333333333333  0.6666666666666666  0.6666666666666666
 27         0.6666666666666666  0.6666666666666666  0.6666666666666666
