1 2 -1 -1 -1 1.839624404 0.866
1 2 0 -1 -1 1.839624404 0.866
1 2 -1 0 -1 1.839624404 0.866
1 2 0 0 -1 1.839624404 0.866
1 2 -1 -1 0 1.839624404 0.866
1 2 0 -1 0 1.839624404 0.866
1 2 -1 0 0 1.839624404 0.866
1 2 0 0 0 1.839624404 0.866
1 1 0 0 -1 0.031818272 1.000
1 1 0 -1 0 0.035489955 1.000
1 1 -1 0 0 0.034829027 1.000
1 1 1 0 0 0.034829027 1.000
1 1 0 1 0 0.035489955 1.000
1 1 0 0 1 0.031818272 1.000
1 1 0 -1 -1 0.080402816 1.414
1 1 -1 0 -1 0.081281445 1.414
1 1 1 0 -1 0.081281445 1.414
1 1 0 1 -1 0.080402816 1.414
1 1 -1 -1 0 0.079846493 1.414
1 1 1 -1 0 0.079846493 1.414
1 1 -1 1 0 0.079846493 1.414
1 1 1 1 0 0.079846493 1.414
1 1 0 -1 1 0.080402816 1.414
1 1 -1 0 1 0.081281445 1.414
1 1 1 0 1 0.081281445 1.414
1 1 0 1 1 0.080402816 1.414
1 2 -1 -1 -2 0.110748457 1.658
1 2 0 -1 -2 0.110748457 1.658
1 2 -1 0 -2 0.110748457 1.658
1 2 0 0 -2 0.110748457 1.658
1 2 -1 -2 -1 0.110678298 1.658
1 2 0 -2 -1 0.110678298 1.658
1 2 -2 -1 -1 0.110736026 1.658
1 2 1 -1 -1 0.110736026 1.658
1 2 -2 0 -1 0.110736026 1.658
1 2 1 0 -1 0.110736026 1.658
1 2 -1 1 -1 0.110678298 1.658
1 2 0 1 -1 0.110678298 1.658
1 2 -1 -2 0 0.110678298 1.658
1 2 0 -2 0 0.110678298 1.658
1 2 -2 -1 0 0.110736026 1.658
1 2 1 -1 0 0.110736026 1.658
1 2 -2 0 0 0.110736026 1.658
1 2 1 0 0 0.110736026 1.658
1 2 -1 1 0 0.110678298 1.658
1 2 0 1 0 0.110678298 1.658
1 2 -1 -1 1 0.110748457 1.658
1 2 0 -1 1 0.110748457 1.658
1 2 -1 0 1 0.110748457 1.658
1 2 0 0 1 0.110748457 1.658
1 1 -1 -1 -1 -0.226616190 1.732
1 1 1 -1 -1 -0.226616190 1.732
1 1 -1 1 -1 -0.226616190 1.732
1 1 1 1 -1 -0.226616190 1.732
1 1 -1 -1 1 -0.226616190 1.732
1 1 1 -1 1 -0.226616190 1.732
1 1 -1 1 1 -0.226616190 1.732
1 1 1 1 1 -0.226616190 1.732
1 1 0 0 -2 -0.030292539 2.000
1 1 0 -2 0 -0.031489179 2.000
1 1 -2 0 0 -0.031933776 2.000
1 1 2 0 0 -0.031933776 2.000
1 1 0 2 0 -0.031489179 2.000
1 1 0 0 2 -0.030292539 2.000
1 2 -1 -2 -2 -0.005551829 2.179
1 2 0 -2 -2 -0.005551829 2.179
1 2 -2 -1 -2 -0.005455077 2.179
1 2 1 -1 -2 -0.005455077 2.179
1 2 -2 0 -2 -0.005455077 2.179
1 2 1 0 -2 -0.005455077 2.179
1 2 -1 1 -2 -0.005551829 2.179
1 2 0 1 -2 -0.005551829 2.179
1 2 -2 -2 -1 -0.005530290 2.179
1 2 1 -2 -1 -0.005530290 2.179
1 2 -2 1 -1 -0.005530290 2.179
1 2 1 1 -1 -0.005530290 2.179
1 2 -2 -2 0 -0.005530290 2.179
1 2 1 -2 0 -0.005530290 2.179
1 2 -2 1 0 -0.005530290 2.179
1 2 1 1 0 -0.005530290 2.179
1 2 -1 -2 1 -0.005551829 2.179
1 2 0 -2 1 -0.005551829 2.179
1 2 -2 -1 1 -0.005455077 2.179
1 2 1 -1 1 -0.005455077 2.179
1 2 -2 0 1 -0.005455077 2.179
1 2 1 0 1 -0.005455077 2.179
1 2 -1 1 1 -0.005551829 2.179
1 2 0 1 1 -0.005551829 2.179
1 1 0 -1 -2 0.042737082 2.236
1 1 -1 0 -2 0.042419776 2.236
1 1 1 0 -2 0.042419776 2.236
1 1 0 1 -2 0.042737082 2.236
1 1 0 -2 -1 0.042453892 2.236
1 1 -2 0 -1 0.042159751 2.236
1 1 2 0 -1 0.042159751 2.236
1 1 0 2 -1 0.042453892 2.236
1 1 -1 -2 0 0.042616040 2.236
1 1 1 -2 0 0.042616040 2.236
1 1 -2 -1 0 0.042638398 2.236
1 1 2 -1 0 0.042638398 2.236
1 1 -2 1 0 0.042638398 2.236
1 1 2 1 0 0.042638398 2.236
1 1 -1 2 0 0.042616040 2.236
1 1 1 2 0 0.042616040 2.236
1 1 0 -2 1 0.042453892 2.236
1 1 -2 0 1 0.042159751 2.236
1 1 2 0 1 0.042159751 2.236
1 1 0 2 1 0.042453892 2.236
1 1 0 -1 2 0.042737082 2.236
1 1 -1 0 2 0.042419776 2.236
1 1 1 0 2 0.042419776 2.236
1 1 0 1 2 0.042737082 2.236
1 1 -1 -1 -2 -0.058832365 2.449
1 1 1 -1 -2 -0.058832365 2.449
1 1 -1 1 -2 -0.058832365 2.449
1 1 1 1 -2 -0.058832365 2.449
1 1 -1 -2 -1 -0.059198524 2.449
1 1 1 -2 -1 -0.059198524 2.449
1 1 -2 -1 -1 -0.059228270 2.449
1 1 2 -1 -1 -0.059228270 2.449
1 1 -2 1 -1 -0.059228270 2.449
1 1 2 1 -1 -0.059228270 2.449
1 1 -1 2 -1 -0.059198524 2.449
1 1 1 2 -1 -0.059198524 2.449
1 1 -1 -2 1 -0.059198524 2.449
1 1 1 -2 1 -0.059198524 2.449
1 1 -2 -1 1 -0.059228270 2.449
1 1 2 -1 1 -0.059228270 2.449
1 1 -2 1 1 -0.059228270 2.449
1 1 2 1 1 -0.059228270 2.449
1 1 -1 2 1 -0.059198524 2.449
1 1 1 2 1 -0.059198524 2.449
1 1 -1 -1 2 -0.058832365 2.449
1 1 1 -1 2 -0.058832365 2.449
1 1 -1 1 2 -0.058832365 2.449
1 1 1 1 2 -0.058832365 2.449
1 2 -1 -1 -3 -0.010796721 2.598
1 2 0 -1 -3 -0.010796721 2.598
1 2 -1 0 -3 -0.010796721 2.598
1 2 0 0 -3 -0.010796721 2.598
1 2 -2 -2 -2 0.032327507 2.598
1 2 1 -2 -2 0.032327507 2.598
1 2 -2 1 -2 0.032327507 2.598
1 2 1 1 -2 0.032327507 2.598
1 2 -1 -3 -1 -0.010705208 2.598
1 2 0 -3 -1 -0.010705208 2.598
1 2 -3 -1 -1 -0.010799911 2.598
1 2 2 -1 -1 -0.010799911 2.598
1 2 -3 0 -1 -0.010799911 2.598
1 2 2 0 -1 -0.010799911 2.598
1 2 -1 2 -1 -0.010705208 2.598
1 2 0 2 -1 -0.010705208 2.598
1 2 -1 -3 0 -0.010705208 2.598
1 2 0 -3 0 -0.010705208 2.598
1 2 -3 -1 0 -0.010799911 2.598
1 2 2 -1 0 -0.010799911 2.598
1 2 -3 0 0 -0.010799911 2.598
1 2 2 0 0 -0.010799911 2.598
1 2 -1 2 0 -0.010705208 2.598
1 2 0 2 0 -0.010705208 2.598
1 2 -2 -2 1 0.032327507 2.598
1 2 1 -2 1 0.032327507 2.598
1 2 -2 1 1 0.032327507 2.598
1 2 1 1 1 0.032327507 2.598
1 2 -1 -1 2 -0.010796721 2.598
1 2 0 -1 2 -0.010796721 2.598
1 2 -1 0 2 -0.010796721 2.598
1 2 0 0 2 -0.010796721 2.598
1 1 0 -2 -2 -0.024459686 2.828
1 1 -2 0 -2 -0.024618635 2.828
1 1 2 0 -2 -0.024618635 2.828
1 1 0 2 -2 -0.024459686 2.828
1 1 -2 -2 0 -0.024013651 2.828
1 1 2 -2 0 -0.024013651 2.828
1 1 -2 2 0 -0.024013651 2.828
1 1 2 2 0 -0.024013651 2.828
1 1 0 -2 2 -0.024459686 2.828
1 1 -2 0 2 -0.024618635 2.828
1 1 2 0 2 -0.024618635 2.828
1 1 0 2 2 -0.024459686 2.828
1 2 -1 -2 -3 0.002490601 2.958
1 2 0 -2 -3 0.002490601 2.958
1 2 -2 -1 -3 0.002565380 2.958
1 2 1 -1 -3 0.002565380 2.958
1 2 -2 0 -3 0.002565380 2.958
1 2 1 0 -3 0.002565380 2.958
1 2 -1 1 -3 0.002490601 2.958
1 2 0 1 -3 0.002490601 2.958
1 2 -1 -3 -2 0.002583086 2.958
1 2 0 -3 -2 0.002583086 2.958
1 2 -3 -1 -2 0.002598175 2.958
1 2 2 -1 -2 0.002598175 2.958
1 2 -3 0 -2 0.002598175 2.958
1 2 2 0 -2 0.002598175 2.958
1 2 -1 2 -2 0.002583086 2.958
1 2 0 2 -2 0.002583086 2.958
1 2 -2 -3 -1 0.002620594 2.958
1 2 1 -3 -1 0.002620594 2.958
1 2 -3 -2 -1 0.002566403 2.958
1 2 2 -2 -1 0.002566403 2.958
1 2 -3 1 -1 0.002566403 2.958
1 2 2 1 -1 0.002566403 2.958
1 2 -2 2 -1 0.002620594 2.958
1 2 1 2 -1 0.002620594 2.958
1 2 -2 -3 0 0.002620594 2.958
1 2 1 -3 0 0.002620594 2.958
1 2 -3 -2 0 0.002566403 2.958
1 2 2 -2 0 0.002566403 2.958
1 2 -3 1 0 0.002566403 2.958
1 2 2 1 0 0.002566403 2.958
1 2 -2 2 0 0.002620594 2.958
1 2 1 2 0 0.002620594 2.958
1 2 -1 -3 1 0.002583086 2.958
1 2 0 -3 1 0.002583086 2.958
1 2 -3 -1 1 0.002598175 2.958
1 2 2 -1 1 0.002598175 2.958
1 2 -3 0 1 0.002598175 2.958
1 2 2 0 1 0.002598175 2.958
1 2 -1 2 1 0.002583086 2.958
1 2 0 2 1 0.002583086 2.958
1 2 -1 -2 2 0.002490601 2.958
1 2 0 -2 2 0.002490601 2.958
1 2 -2 -1 2 0.002565380 2.958
1 2 1 -1 2 0.002565380 2.958
1 2 -2 0 2 0.002565380 2.958
1 2 1 0 2 0.002565380 2.958
1 2 -1 1 2 0.002490601 2.958
1 2 0 1 2 0.002490601 2.958
1 1 0 0 -3 0.016861546 3.000
1 1 -1 -2 -2 -0.007707731 3.000
1 1 1 -2 -2 -0.007707731 3.000
1 1 -2 -1 -2 -0.007709975 3.000
1 1 2 -1 -2 -0.007709975 3.000
1 1 -2 1 -2 -0.007709975 3.000
1 1 2 1 -2 -0.007709975 3.000
1 1 -1 2 -2 -0.007707731 3.000
1 1 1 2 -2 -0.007707731 3.000
1 1 -2 -2 -1 -0.007519527 3.000
1 1 2 -2 -1 -0.007519527 3.000
1 1 -2 2 -1 -0.007519527 3.000
1 1 2 2 -1 -0.007519527 3.000
1 1 0 -3 0 0.017163480 3.000
1 1 -3 0 0 0.017330320 3.000
1 1 3 0 0 0.017330320 3.000
1 1 0 3 0 0.017163480 3.000
1 1 -2 -2 1 -0.007519527 3.000
1 1 2 -2 1 -0.007519527 3.000
1 1 -2 2 1 -0.007519527 3.000
1 1 2 2 1 -0.007519527 3.000
1 1 -1 -2 2 -0.007707731 3.000
1 1 1 -2 2 -0.007707731 3.000
1 1 -2 -1 2 -0.007709975 3.000
1 1 2 -1 2 -0.007709975 3.000
1 1 -2 1 2 -0.007709975 3.000
1 1 2 1 2 -0.007709975 3.000
1 1 -1 2 2 -0.007707731 3.000
1 1 1 2 2 -0.007707731 3.000
1 1 0 0 3 0.016861546 3.000
2 1 0 0 0 1.839624404 0.866
2 1 1 0 0 1.839624404 0.866
2 1 0 1 0 1.839624404 0.866
2 1 1 1 0 1.839624404 0.866
2 1 0 0 1 1.839624404 0.866
2 1 1 0 1 1.839624404 0.866
2 1 0 1 1 1.839624404 0.866
2 1 1 1 1 1.839624404 0.866
2 2 0 0 -1 0.059966387 1.000
2 2 0 -1 0 0.060562684 1.000
2 2 -1 0 0 0.061050289 1.000
2 2 1 0 0 0.061050289 1.000
2 2 0 1 0 0.060562684 1.000
2 2 0 0 1 0.059966387 1.000
2 2 0 -1 -1 0.035945477 1.414
2 2 -1 0 -1 0.036069315 1.414
2 2 1 0 -1 0.036069315 1.414
2 2 0 1 -1 0.035945477 1.414
2 2 -1 -1 0 0.035730514 1.414
2 2 1 -1 0 0.035730514 1.414
2 2 -1 1 0 0.035730514 1.414
2 2 1 1 0 0.035730514 1.414
2 2 0 -1 1 0.035945477 1.414
2 2 -1 0 1 0.036069315 1.414
2 2 1 0 1 0.036069315 1.414
2 2 0 1 1 0.035945477 1.414
2 1 0 0 -1 0.110748457 1.658
2 1 1 0 -1 0.110748457 1.658
2 1 0 1 -1 0.110748457 1.658
2 1 1 1 -1 0.110748457 1.658
2 1 0 -1 0 0.110678298 1.658
2 1 1 -1 0 0.110678298 1.658
2 1 -1 0 0 0.110736026 1.658
2 1 2 0 0 0.110736026 1.658
2 1 -1 1 0 0.110736026 1.658
2 1 2 1 0 0.110736026 1.658
2 1 0 2 0 0.110678298 1.658
2 1 1 2 0 0.110678298 1.658
2 1 0 -1 1 0.110678298 1.658
2 1 1 -1 1 0.110678298 1.658
2 1 -1 0 1 0.110736026 1.658
2 1 2 0 1 0.110736026 1.658
2 1 -1 1 1 0.110736026 1.658
2 1 2 1 1 0.110736026 1.658
2 1 0 2 1 0.110678298 1.658
2 1 1 2 1 0.110678298 1.658
2 1 0 0 2 0.110748457 1.658
2 1 1 0 2 0.110748457 1.658
2 1 0 1 2 0.110748457 1.658
2 1 1 1 2 0.110748457 1.658
2 2 -1 -1 -1 -0.045906218 1.732
2 2 1 -1 -1 -0.045906218 1.732
2 2 -1 1 -1 -0.045906218 1.732
2 2 1 1 -1 -0.045906218 1.732
2 2 -1 -1 1 -0.045906218 1.732
2 2 1 -1 1 -0.045906218 1.732
2 2 -1 1 1 -0.045906218 1.732
2 2 1 1 1 -0.045906218 1.732
2 2 0 0 -2 0.041987079 2.000
2 2 0 -2 0 0.041927837 2.000
2 2 -2 0 0 0.041797181 2.000
2 2 2 0 0 0.041797181 2.000
2 2 0 2 0 0.041927837 2.000
2 2 0 0 2 0.041987079 2.000
2 1 0 -1 -1 -0.005551829 2.179
2 1 1 -1 -1 -0.005551829 2.179
2 1 -1 0 -1 -0.005455077 2.179
2 1 2 0 -1 -0.005455077 2.179
2 1 -1 1 -1 -0.005455077 2.179
2 1 2 1 -1 -0.005455077 2.179
2 1 0 2 -1 -0.005551829 2.179
2 1 1 2 -1 -0.005551829 2.179
2 1 -1 -1 0 -0.005530290 2.179
2 1 2 -1 0 -0.005530290 2.179
2 1 -1 2 0 -0.005530290 2.179
2 1 2 2 0 -0.005530290 2.179
2 1 -1 -1 1 -0.005530290 2.179
2 1 2 -1 1 -0.005530290 2.179
2 1 -1 2 1 -0.005530290 2.179
2 1 2 2 1 -0.005530290 2.179
2 1 0 -1 2 -0.005551829 2.179
2 1 1 -1 2 -0.005551829 2.179
2 1 -1 0 2 -0.005455077 2.179
2 1 2 0 2 -0.005455077 2.179
2 1 -1 1 2 -0.005455077 2.179
2 1 2 1 2 -0.005455077 2.179
2 1 0 2 2 -0.005551829 2.179
2 1 1 2 2 -0.005551829 2.179
2 2 0 -1 -2 0.002163802 2.236
2 2 -1 0 -2 0.002142742 2.236
2 2 1 0 -2 0.002142742 2.236
2 2 0 1 -2 0.002163802 2.236
2 2 0 -2 -1 0.002185950 2.236
2 2 -2 0 -1 0.002272557 2.236
2 2 2 0 -1 0.002272557 2.236
2 2 0 2 -1 0.002185950 2.236
2 2 -1 -2 0 0.002141207 2.236
2 2 1 -2 0 0.002141207 2.236
2 2 -2 -1 0 0.002244806 2.236
2 2 2 -1 0 0.002244806 2.236
2 2 -2 1 0 0.002244806 2.236
2 2 2 1 0 0.002244806 2.236
2 2 -1 2 0 0.002141207 2.236
2 2 1 2 0 0.002141207 2.236
2 2 0 -2 1 0.002185950 2.236
2 2 -2 0 1 0.002272557 2.236
2 2 2 0 1 0.002272557 2.236
2 2 0 2 1 0.002185950 2.236
2 2 0 -1 2 0.002163802 2.236
2 2 -1 0 2 0.002142742 2.236
2 2 1 0 2 0.002142742 2.236
2 2 0 1 2 0.002163802 2.236
2 2 -1 -1 -2 -0.004209328 2.449
2 2 1 -1 -2 -0.004209328 2.449
2 2 -1 1 -2 -0.004209328 2.449
2 2 1 1 -2 -0.004209328 2.449
2 2 -1 -2 -1 -0.004239076 2.449
2 2 1 -2 -1 -0.004239076 2.449
2 2 -2 -1 -1 -0.004276599 2.449
2 2 2 -1 -1 -0.004276599 2.449
2 2 -2 1 -1 -0.004276599 2.449
2 2 2 1 -1 -0.004276599 2.449
2 2 -1 2 -1 -0.004239076 2.449
2 2 1 2 -1 -0.004239076 2.449
2 2 -1 -2 1 -0.004239076 2.449
2 2 1 -2 1 -0.004239076 2.449
2 2 -2 -1 1 -0.004276599 2.449
2 2 2 -1 1 -0.004276599 2.449
2 2 -2 1 1 -0.004276599 2.449
2 2 2 1 1 -0.004276599 2.449
2 2 -1 2 1 -0.004239076 2.449
2 2 1 2 1 -0.004239076 2.449
2 2 -1 -1 2 -0.004209328 2.449
2 2 1 -1 2 -0.004209328 2.449
2 2 -1 1 2 -0.004209328 2.449
2 2 1 1 2 -0.004209328 2.449
2 1 0 0 -2 -0.010796721 2.598
2 1 1 0 -2 -0.010796721 2.598
2 1 0 1 -2 -0.010796721 2.598
2 1 1 1 -2 -0.010796721 2.598
2 1 -1 -1 -1 0.032327507 2.598
2 1 2 -1 -1 0.032327507 2.598
2 1 -1 2 -1 0.032327507 2.598
2 1 2 2 -1 0.032327507 2.598
2 1 0 -2 0 -0.010705208 2.598
2 1 1 -2 0 -0.010705208 2.598
2 1 -2 0 0 -0.010799911 2.598
2 1 3 0 0 -0.010799911 2.598
2 1 -2 1 0 -0.010799911 2.598
2 1 3 1 0 -0.010799911 2.598
2 1 0 3 0 -0.010705208 2.598
2 1 1 3 0 -0.010705208 2.598
2 1 0 -2 1 -0.010705208 2.598
2 1 1 -2 1 -0.010705208 2.598
2 1 -2 0 1 -0.010799911 2.598
2 1 3 0 1 -0.010799911 2.598
2 1 -2 1 1 -0.010799911 2.598
2 1 3 1 1 -0.010799911 2.598
2 1 0 3 1 -0.010705208 2.598
2 1 1 3 1 -0.010705208 2.598
2 1 -1 -1 2 0.032327507 2.598
2 1 2 -1 2 0.032327507 2.598
2 1 -1 2 2 0.032327507 2.598
2 1 2 2 2 0.032327507 2.598
2 1 0 0 3 -0.010796721 2.598
2 1 1 0 3 -0.010796721 2.598
2 1 0 1 3 -0.010796721 2.598
2 1 1 1 3 -0.010796721 2.598
2 2 0 -2 -2 -0.000403133 2.828
2 2 -2 0 -2 -0.000462128 2.828
2 2 2 0 -2 -0.000462128 2.828
2 2 0 2 -2 -0.000403133 2.828
2 2 -2 -2 0 -0.000360007 2.828
2 2 2 -2 0 -0.000360007 2.828
2 2 -2 2 0 -0.000360007 2.828
2 2 2 2 0 -0.000360007 2.828
2 2 0 -2 2 -0.000403133 2.828
2 2 -2 0 2 -0.000462128 2.828
2 2 2 0 2 -0.000462128 2.828
2 2 0 2 2 -0.000403133 2.828
2 1 0 -1 -2 0.002490601 2.958
2 1 1 -1 -2 0.002490601 2.958
2 1 -1 0 -2 0.002565380 2.958
2 1 2 0 -2 0.002565380 2.958
2 1 -1 1 -2 0.002565380 2.958
2 1 2 1 -2 0.002565380 2.958
2 1 0 2 -2 0.002490601 2.958
2 1 1 2 -2 0.002490601 2.958
2 1 0 -2 -1 0.002583086 2.958
2 1 1 -2 -1 0.002583086 2.958
2 1 -2 0 -1 0.002598175 2.958
2 1 3 0 -1 0.002598175 2.958
2 1 -2 1 -1 0.002598175 2.958
2 1 3 1 -1 0.002598175 2.958
2 1 0 3 -1 0.002583086 2.958
2 1 1 3 -1 0.002583086 2.958
2 1 -1 -2 0 0.002620594 2.958
2 1 2 -2 0 0.002620594 2.958
2 1 -2 -1 0 0.002566403 2.958
2 1 3 -1 0 0.002566403 2.958
2 1 -2 2 0 0.002566403 2.958
2 1 3 2 0 0.002566403 2.958
2 1 -1 3 0 0.002620594 2.958
2 1 2 3 0 0.002620594 2.958
2 1 -1 -2 1 0.002620594 2.958
2 1 2 -2 1 0.002620594 2.958
2 1 -2 -1 1 0.002566403 2.958
2 1 3 -1 1 0.002566403 2.958
2 1 -2 2 1 0.002566403 2.958
2 1 3 2 1 0.002566403 2.958
2 1 -1 3 1 0.002620594 2.958
2 1 2 3 1 0.002620594 2.958
2 1 0 -2 2 0.002583086 2.958
2 1 1 -2 2 0.002583086 2.958
2 1 -2 0 2 0.002598175 2.958
2 1 3 0 2 0.002598175 2.958
2 1 -2 1 2 0.002598175 2.958
2 1 3 1 2 0.002598175 2.958
2 1 0 3 2 0.002583086 2.958
2 1 1 3 2 0.002583086 2.958
2 1 0 -1 3 0.002490601 2.958
2 1 1 -1 3 0.002490601 2.958
2 1 -1 0 3 0.002565380 2.958
2 1 2 0 3 0.002565380 2.958
2 1 -1 1 3 0.002565380 2.958
2 1 2 1 3 0.002565380 2.958
2 1 0 2 3 0.002490601 2.958
2 1 1 2 3 0.002490601 2.958
2 2 0 0 -3 0.015806564 3.000
2 2 -1 -2 -2 -0.001265129 3.000
2 2 1 -2 -2 -0.001265129 3.000
2 2 -2 -1 -2 -0.001248434 3.000
2 2 2 -1 -2 -0.001248434 3.000
2 2 -2 1 -2 -0.001248434 3.000
2 2 2 1 -2 -0.001248434 3.000
2 2 -1 2 -2 -0.001265129 3.000
2 2 1 2 -2 -0.001265129 3.000
2 2 -2 -2 -1 -0.001191157 3.000
2 2 2 -2 -1 -0.001191157 3.000
2 2 -2 2 -1 -0.001191157 3.000
2 2 2 2 -1 -0.001191157 3.000
2 2 0 -3 0 0.015891299 3.000
2 2 -3 0 0 0.015942935 3.000
2 2 3 0 0 0.015942935 3.000
2 2 0 3 0 0.015891299 3.000
2 2 -2 -2 1 -0.001191157 3.000
2 2 2 -2 1 -0.001191157 3.000
2 2 -2 2 1 -0.001191157 3.000
2 2 2 2 1 -0.001191157 3.000
2 2 -1 -2 2 -0.001265129 3.000
2 2 1 -2 2 -0.001265129 3.000
2 2 -2 -1 2 -0.001248434 3.000
2 2 2 -1 2 -0.001248434 3.000
2 2 -2 1 2 -0.001248434 3.000
2 2 2 1 2 -0.001248434 3.000
2 2 -1 2 2 -0.001265129 3.000
2 2 1 2 2 -0.001265129 3.000
2 2 0 0 3 0.015806564 3.000
