   1    2    0    0    1   -0.106363
   1    2    1    0    1   -0.065433
   1    4    1    0    0   -0.245221
   1    4    0    0    0   -0.245220
   1    3    0    1    1   -0.182347
   1    3    0    0    1   -0.182345
   1    1   -1    0    0   -0.001052
   1    1    1    0    0   -0.001052
   1    4    0   -1    0   -0.002492
   1    4    1   -1    0   -0.002492
   1    2    0    1    1    0.000746
   1    2    1    1    1   -0.001843
   1    3   -1    0    1   -0.004188
   1    3   -1    1    1   -0.004188
   1    3    1    0    1   -0.001463
   1    3    1    1    1   -0.001462
   1    1    0   -1    0   -0.000299
   1    1    0    1    0   -0.000299
   1    1    0    0   -1   -0.000162
   1    1    0    0    1   -0.000162
   1    2    0    0    0    0.000009
   1    2    1    0    0   -0.000275
   1    3    0    0    0   -0.000589
   1    3    0    1    0   -0.000594
   1    4    0    0   -1   -0.000178
   1    4    1    0    1   -0.000178
   1    4    1    0   -1   -0.000029
   1    4    0    0    1   -0.000029
   1    2   -1    0    1   -0.000153
   1    2    1    0    2   -0.000128
   1    2    2    0    1    0.000025
   1    2    0    0    2   -0.000063
   1    4    2    0    0    0.000035
   1    4   -1    0    0    0.000035
   1    3    0    0    2   -0.000027
   1    3    0    1    2   -0.000029
   1    2    0   -1    1   -0.000005
   1    2    1   -1    1   -0.000066
   1    1   -1   -1    0   -0.000008
   1    1   -1    1    0   -0.000003
   1    1    1   -1    0   -0.000003
   1    1    1    1    0   -0.000008
   1    1   -1    0   -1   -0.000003
   1    1    1    0    1   -0.000003
   1    4    1   -1    1   -0.000008
   1    4    0   -1   -1   -0.000008
   1    2    0    1    0   -0.000755
   1    3   -1    1    0   -0.000006
   1    3   -1    0    0   -0.000006
   1    4    0   -1    1   -0.000007
   1    4    1   -1   -1   -0.000007
   1    1   -1    0    1   -0.000012
   1    1    1    0   -1   -0.000012
   1    4    0    1    0   -0.000022
   1    4    1    1    0   -0.000022
   1    2    1    1    0    0.000004
   1    4    2   -1    0   -0.000012
   1    4   -1   -1    0   -0.000012
   1    3    1    0    0   -0.000003
   1    3    1    1    0   -0.000003
   1    2   -1    1    1    0.000099
   1    2    1    1    2   -0.000017
   1    2    2    1    1   -0.000147
   1    2    0    1    2   -0.000000
   1    3    1    0    2   -0.000005
   1    3    1    1    2   -0.000004
   1    1    0   -1   -1   -0.000006
   1    1    0   -1    1   -0.000041
   1    1    0    1   -1   -0.000041
   1    1    0    1    1   -0.000006
   1    3   -1    0    2   -0.000001
   1    3   -1    1    2   -0.000001
   1    3    0   -1    1    0.000006
   1    3    0    2    1    0.000006
   1    2   -1    0    0   -0.000000
   1    1   -2    0    0   -0.000003
   1    1    2    0    0   -0.000003
   1    4   -1    0   -1   -0.000000
   1    4    2    0    1   -0.000001
   1    2    0   -1    0    0.000000
   1    2    2    0    0    0.000000
   1    2    2    0    2   -0.000000
   1    2    1   -1    0   -0.000003
   1    1   -1   -1   -1   -0.000000
   1    1   -1    1   -1   -0.000008
   1    1    1   -1    1   -0.000008
   1    1    1    1    1   -0.000000
   1    3   -2    0    1    0.000004
   1    3   -2    1    1    0.000004
   1    4   -1    0    1   -0.000000
   1    4    2    0   -1   -0.000000
   1    3    2    0    1   -0.000000
   1    3    2    1    1   -0.000000
   1    2   -1    0    2    0.000000
   1    2   -1   -1    1   -0.000000
   1    1   -1   -1    1   -0.000000
   1    1   -1    1    1   -0.000001
   1    1    1   -1   -1   -0.000001
   1    1    1    1   -1   -0.000000
   1    2    1   -1    2   -0.000001
   1    3   -1   -1    1   -0.000001
   1    3   -1    2    1   -0.000001
   1    2    2   -1    1   -0.000000
   1    2    0   -1    2   -0.000001
   1    3    1   -1    1   -0.000000
   1    3    1    2    1   -0.000000
   1    4   -1   -1   -1   -0.000000
   1    4    2   -1    1   -0.000000
   1    2   -1    1    0    0.000000
   1    4    0    1   -1   -0.000024
   1    4    1    1    1   -0.000024
   1    4    0    1    1   -0.000001
   1    4    1    1   -1   -0.000001
   1    4    0   -2    0    0.000000
   1    4    1   -2    0    0.000000
   1    4    2    1    0   -0.000000
   1    4   -1    1    0   -0.000000
   1    4   -1   -1    1   -0.000000
   1    4    2   -1   -1   -0.000000
   1    2    2    1    0   -0.000000
   1    2    2    1    2   -0.000000
   1    3    0   -1    0   -0.000001
   1    3    0    2    0   -0.000001
   1    2    0    2    1    0.000000
   1    2   -1    1    2   -0.000000
   1    2    1    2    1    0.000000
   1    1    2    0    1   -0.000000
   1    1   -2    0   -1   -0.000000
   1    1   -2   -1    0   -0.000002
   1    1   -2    1    0   -0.000001
   1    1    2   -1    0   -0.000001
   1    1    2    1    0   -0.000002
   1    3    0   -1    2   -0.000000
   1    3    0    2    2    0.000000
   1    3   -2    0    0   -0.000000
   1    3   -2    1    0   -0.000000
   1    2   -1   -1    0    0.000000
   1    1    2    0   -1   -0.000000
   1    1   -2    0    1   -0.000000
   1    3   -1   -1    0   -0.000000
   1    3   -1    2    0   -0.000000
   1    3    2    0    2   -0.000000
   1    3    2    1    2   -0.000000
   1    2   -2    0    1   -0.000000
   1    3    2    0    0   -0.000000
   1    3    2    1    0   -0.000000
   1    3    1   -1    0   -0.000000
   1    3    1    2    0   -0.000000
   1    2    3    0    1   -0.000000
   1    4    3    0    0    0.000000
   1    4   -2    0    0    0.000000
   1    1    0   -2    0   -0.000000
   1    1    0    2    0   -0.000000
   1    2    2   -1    0   -0.000000
   1    2    2   -1    2   -0.000000
   1    3    1   -1    2   -0.000000
   1    3    1    2    2   -0.000001
   1    3   -2    0    2   -0.000000
   1    3   -2    1    2   -0.000000
   1    4   -1    1   -1    0.000000
   1    4    2    1    1    0.000000
   1    4    0   -2   -1   -0.000000
   1    4    1   -2    1   -0.000000
   1    3   -1   -1    2   -0.000000
   1    3   -1    2    2   -0.000000
   1    2   -1   -1    2   -0.000000
   1    4    1   -2   -1   -0.000000
   1    4    0   -2    1   -0.000000
   1    4    2   -2    0    0.000000
   1    4   -1   -2    0    0.000000
   1    4   -1    1    1   -0.000000
   1    4    2    1   -1   -0.000000
   1    2    0    2    0    0.000000
   1    4    3   -1    0   -0.000000
   1    4   -2   -1    0   -0.000000
   1    2    0    0   -1   -0.000063
   1    2    1    2    0   -0.000000
   1    1    2   -1    1   -0.000000
   1    1    2    1    1    0.000000
   1    1   -2   -1   -1    0.000000
   1    1   -2    1   -1   -0.000000
   1    2   -2    1    1   -0.000000
   1    1    0    0   -2   -0.000162
   1    1    0    0    2   -0.000162
   1    3    0    0   -1   -0.000027
   1    3    0    1   -1   -0.000029
   1    2    3    1    1    0.000000
   1    2    1    0   -1   -0.000128
   1    2   -1    2    1    0.000000
   1    2    1    2    2   -0.000001
   1    1   -1   -2    0   -0.000000
   1    1   -1    2    0    0.000000
   1    1    1   -2    0    0.000000
   1    1    1    2    0   -0.000000
   1    2    2    2    1   -0.000000
   1    2    0    2    2    0.000000
   1    4    0    0   -2   -0.000029
   1    4    1    0    2   -0.000029
   1    3   -2   -1    1   -0.000000
   1    3   -2    2    1   -0.000000
   1    2   -2    0    0   -0.000000
   1    1    2   -1   -1   -0.000000
   1    1    2    1   -1   -0.000000
   1    1   -2   -1    1   -0.000000
   1    1   -2    1    1   -0.000000
   1    3    2   -1    1   -0.000000
   1    3    2    2    1   -0.000000
   1    4    0    0    2   -0.000178
   1    4    1    0   -2   -0.000178
   1    2    1    0    3   -0.000275
   1    4    3    0    1   -0.000000
   1    4   -2    0   -1   -0.000000
   1    2    0   -2    1    0.000000
   1    2    1   -2    1    0.000000
   1    2    0    1   -1   -0.000000
   1    1   -1    0   -2   -0.000012
   1    1    1    0    2   -0.000012
   1    3   -1    0   -1   -0.000001
   1    3   -1    1   -1   -0.000001
   1    3    0    0    3   -0.000589
   1    3    0    1    3   -0.000594
   1    2    0    0    3    0.000009
   1    2    3    0    2   -0.000000
   1    4    0   -1   -2   -0.000007
   1    4    1   -1    2   -0.000007
   1    1    0   -2   -1   -0.000000
   1    1    0   -2    1   -0.000000
   1    1    0    2   -1   -0.000000
   1    1    0    2    1   -0.000000
   1    2    1    1   -1   -0.000017
   1    2    3    0    0   -0.000000
   1    4    0   -1    2   -0.000008
   1    4    1   -1   -2   -0.000008
   1    4   -2    0    1   -0.000000
   1    4    3    0   -1   -0.000000
   1    1   -1    0    2   -0.000003
   1    1    1    0   -2   -0.000003
   1    2   -2   -1    1   -0.000000
   1    4   -1   -2   -1   -0.000000
   1    4    2   -2    1   -0.000000
   1    2   -2    0    2   -0.000000
   1    2   -2    1    0    0.000000
   1    3    1    0   -1   -0.000005
   1    3    1    1   -1   -0.000004
   1    4   -2   -1   -1    0.000000
   1    4    3   -1    1    0.000000
   1    2    3   -1    1    0.000000
   1    4    0    2    0    0.000000
   1    4    1    2    0    0.000000
   1    2    1    1    3    0.000004
   1    2   -1    0   -1    0.000000
   1    2   -1    2    0    0.000000
   1    3    1    0    3   -0.000003
   1    3    1    1    3   -0.000003
   1    1    0   -1   -2   -0.000041
   1    1    0   -1    2   -0.000006
   1    1    0    1   -2   -0.000006
   1    1    0    1    2   -0.000041
   1    4   -1   -2    1   -0.000000
   1    4    2   -2   -1   -0.000000
   1    4    3    1    0    0.000000
   1    4   -2    1    0    0.000000
   1    3   -2   -1    0   -0.000000
   1    3   -2    2    0   -0.000000
   1    1   -3    0    0   -0.000000
   1    1    3    0    0   -0.000000
   2    1    0    0   -1   -0.106363
   2    1   -1    0   -1   -0.065433
   2    3   -1    0    0   -0.245221
   2    3    0    0    0   -0.245220
   2    4    0   -1   -1   -0.182347
   2    4    0    0   -1   -0.182345
   2    2   -1    0    0   -0.001052
   2    2    1    0    0   -0.001052
   2    3   -1    1    0   -0.002492
   2    3    0    1    0   -0.002492
   2    1    0   -1   -1    0.000746
   2    1   -1   -1   -1   -0.001843
   2    4    1   -1   -1   -0.004188
   2    4    1    0   -1   -0.004188
   2    4   -1   -1   -1   -0.001462
   2    4   -1    0   -1   -0.001463
   2    2    0   -1    0   -0.000299
   2    2    0    1    0   -0.000299
   2    2    0    0   -1   -0.000162
   2    2    0    0    1   -0.000162
   2    1    0    0    0    0.000009
   2    1   -1    0    0   -0.000275
   2    4    0   -1    0   -0.000594
   2    4    0    0    0   -0.000589
   2    3   -1    0   -1   -0.000178
   2    3    0    0    1   -0.000178
   2    3   -1    0    1   -0.000029
   2    3    0    0   -1   -0.000029
   2    1    1    0   -1   -0.000153
   2    1   -1    0   -2   -0.000128
   2    1   -2    0   -1    0.000025
   2    1    0    0   -2   -0.000063
   2    3   -2    0    0    0.000035
   2    3    1    0    0    0.000035
   2    4    0   -1   -2   -0.000029
   2    4    0    0   -2   -0.000027
   2    1    0    1   -1   -0.000005
   2    1   -1    1   -1   -0.000066
   2    2   -1   -1    0   -0.000008
   2    2   -1    1    0   -0.000003
   2    2    1   -1    0   -0.000003
   2    2    1    1    0   -0.000008
   2    2   -1    0   -1   -0.000003
   2    2    1    0    1   -0.000003
   2    3   -1    1   -1   -0.000008
   2    3    0    1    1   -0.000008
   2    1    0   -1    0   -0.000755
   2    4    1   -1    0   -0.000006
   2    4    1    0    0   -0.000006
   2    3   -1    1    1   -0.000007
   2    3    0    1   -1   -0.000007
   2    2   -1    0    1   -0.000012
   2    2    1    0   -1   -0.000012
   2    3   -1   -1    0   -0.000022
   2    3    0   -1    0   -0.000022
   2    1   -1   -1    0    0.000004
   2    3   -2    1    0   -0.000012
   2    3    1    1    0   -0.000012
   2    4   -1   -1    0   -0.000003
   2    4   -1    0    0   -0.000003
   2    1    1   -1   -1    0.000099
   2    1   -1   -1   -2   -0.000017
   2    1   -2   -1   -1   -0.000147
   2    1    0   -1   -2   -0.000000
   2    4   -1   -1   -2   -0.000004
   2    4   -1    0   -2   -0.000005
   2    2    0   -1   -1   -0.000006
   2    2    0   -1    1   -0.000041
   2    2    0    1   -1   -0.000041
   2    2    0    1    1   -0.000006
   2    4    1   -1   -2   -0.000001
   2    4    1    0   -2   -0.000001
   2    4    0    1   -1    0.000006
   2    4    0   -2   -1    0.000006
   2    1    1    0    0   -0.000000
   2    2   -2    0    0   -0.000003
   2    2    2    0    0   -0.000003
   2    3   -2    0   -1   -0.000001
   2    3    1    0    1   -0.000000
   2    1    0    1    0    0.000000
   2    1   -2    0    0    0.000000
   2    1   -2    0   -2   -0.000000
   2    1   -1    1    0   -0.000003
   2    2   -1   -1   -1   -0.000000
   2    2   -1    1   -1   -0.000008
   2    2    1   -1    1   -0.000008
   2    2    1    1    1   -0.000000
   2    4    2   -1   -1    0.000004
   2    4    2    0   -1    0.000004
   2    3   -2    0    1   -0.000000
   2    3    1    0   -1   -0.000000
   2    4   -2   -1   -1   -0.000000
   2    4   -2    0   -1   -0.000000
   2    1    1    0   -2    0.000000
   2    1    1    1   -1   -0.000000
   2    2   -1   -1    1   -0.000000
   2    2   -1    1    1   -0.000001
   2    2    1   -1   -1   -0.000001
   2    2    1    1   -1   -0.000000
   2    1   -1    1   -2   -0.000001
   2    4    1    1   -1   -0.000001
   2    4    1   -2   -1   -0.000001
   2    1   -2    1   -1   -0.000000
   2    1    0    1   -2   -0.000001
   2    4   -1    1   -1   -0.000000
   2    4   -1   -2   -1   -0.000000
   2    3   -2    1   -1   -0.000000
   2    3    1    1    1   -0.000000
   2    1    1   -1    0    0.000000
   2    3   -1   -1   -1   -0.000024
   2    3    0   -1    1   -0.000024
   2    3   -1   -1    1   -0.000001
   2    3    0   -1   -1   -0.000001
   2    3   -1    2    0    0.000000
   2    3    0    2    0    0.000000
   2    3   -2   -1    0   -0.000000
   2    3    1   -1    0   -0.000000
   2    3   -2    1    1   -0.000000
   2    3    1    1   -1   -0.000000
   2    1   -2   -1    0   -0.000000
   2    1   -2   -1   -2   -0.000000
   2    4    0    1    0   -0.000001
   2    4    0   -2    0   -0.000001
   2    1    0   -2   -1    0.000000
   2    1    1   -1   -2   -0.000000
   2    1   -1   -2   -1    0.000000
   2    2   -2    0   -1   -0.000000
   2    2    2    0    1   -0.000000
   2    2   -2   -1    0   -0.000002
   2    2   -2    1    0   -0.000001
   2    2    2   -1    0   -0.000001
   2    2    2    1    0   -0.000002
   2    4    0   -2   -2    0.000000
   2    4    0    1   -2   -0.000000
   2    4    2   -1    0   -0.000000
   2    4    2    0    0   -0.000000
   2    1    1    1    0    0.000000
   2    2   -2    0    1   -0.000000
   2    2    2    0   -1   -0.000000
   2    4    1    1    0   -0.000000
   2    4    1   -2    0   -0.000000
   2    4   -2   -1   -2   -0.000000
   2    4   -2    0   -2   -0.000000
   2    1    2    0   -1   -0.000000
   2    4   -2   -1    0   -0.000000
   2    4   -2    0    0   -0.000000
   2    4   -1    1    0   -0.000000
   2    4   -1   -2    0   -0.000000
   2    1   -3    0   -1   -0.000000
   2    3   -3    0    0    0.000000
   2    3    2    0    0    0.000000
   2    2    0   -2    0   -0.000000
   2    2    0    2    0   -0.000000
   2    1   -2    1    0   -0.000000
   2    1   -2    1   -2   -0.000000
   2    4   -1    1   -2   -0.000000
   2    4   -1   -2   -2   -0.000001
   2    4    2   -1   -2   -0.000000
   2    4    2    0   -2   -0.000000
   2    3   -2   -1   -1    0.000000
   2    3    1   -1    1    0.000000
   2    3   -1    2   -1   -0.000000
   2    3    0    2    1   -0.000000
   2    4    1    1   -2   -0.000000
   2    4    1   -2   -2   -0.000000
   2    1    1    1   -2   -0.000000
   2    3   -1    2    1   -0.000000
   2    3    0    2   -1   -0.000000
   2    3   -2    2    0    0.000000
   2    3    1    2    0    0.000000
   2    3   -2   -1    1   -0.000000
   2    3    1   -1   -1   -0.000000
   2    1    0   -2    0    0.000000
   2    3   -3    1    0   -0.000000
   2    3    2    1    0   -0.000000
   2    1    0    0    1   -0.000063
   2    1   -1   -2    0   -0.000000
   2    2   -2   -1   -1    0.000000
   2    2   -2    1   -1   -0.000000
   2    2    2   -1    1   -0.000000
   2    2    2    1    1    0.000000
   2    1    2   -1   -1   -0.000000
   2    2    0    0   -2   -0.000162
   2    2    0    0    2   -0.000162
   2    4    0   -1    1   -0.000029
   2    4    0    0    1   -0.000027
   2    1   -3   -1   -1    0.000000
   2    1   -1    0    1   -0.000128
   2    1    1   -2   -1    0.000000
   2    1   -1   -2   -2   -0.000001
   2    2   -1   -2    0   -0.000000
   2    2   -1    2    0    0.000000
   2    2    1   -2    0    0.000000
   2    2    1    2    0   -0.000000
   2    1   -2   -2   -1   -0.000000
   2    1    0   -2   -2    0.000000
   2    3   -1    0   -2   -0.000029
   2    3    0    0    2   -0.000029
   2    4    2    1   -1   -0.000000
   2    4    2   -2   -1   -0.000000
   2    1    2    0    0   -0.000000
   2    2   -2   -1    1   -0.000000
   2    2   -2    1    1   -0.000000
   2    2    2   -1   -1   -0.000000
   2    2    2    1   -1   -0.000000
   2    4   -2    1   -1   -0.000000
   2    4   -2   -2   -1   -0.000000
   2    3   -1    0    2   -0.000178
   2    3    0    0   -2   -0.000178
   2    1   -1    0   -3   -0.000275
   2    3   -3    0   -1   -0.000000
   2    3    2    0    1   -0.000000
   2    1    0    2   -1    0.000000
   2    1   -1    2   -1    0.000000
   2    1    0   -1    1   -0.000000
   2    2   -1    0   -2   -0.000012
   2    2    1    0    2   -0.000012
   2    4    1   -1    1   -0.000001
   2    4    1    0    1   -0.000001
   2    4    0   -1   -3   -0.000594
   2    4    0    0   -3   -0.000589
   2    1    0    0   -3    0.000009
   2    1   -3    0   -2   -0.000000
   2    3   -1    1   -2   -0.000007
   2    3    0    1    2   -0.000007
   2    2    0   -2   -1   -0.000000
   2    2    0   -2    1   -0.000000
   2    2    0    2   -1   -0.000000
   2    2    0    2    1   -0.000000
   2    1   -1   -1    1   -0.000017
   2    1   -3    0    0   -0.000000
   2    3   -1    1    2   -0.000008
   2    3    0    1   -2   -0.000008
   2    3   -3    0    1   -0.000000
   2    3    2    0   -1   -0.000000
   2    2   -1    0    2   -0.000003
   2    2    1    0   -2   -0.000003
   2    1    2    1   -1   -0.000000
   2    3   -2    2   -1   -0.000000
   2    3    1    2    1   -0.000000
   2    1    2    0   -2   -0.000000
   2    1    2   -1    0    0.000000
   2    4   -1   -1    1   -0.000004
   2    4   -1    0    1   -0.000005
   2    3   -3    1   -1    0.000000
   2    3    2    1    1    0.000000
   2    1   -3    1   -1    0.000000
   2    3   -1   -2    0    0.000000
   2    3    0   -2    0    0.000000
   2    1   -1   -1   -3    0.000004
   2    1    1    0    1    0.000000
   2    1    1   -2    0    0.000000
   2    4   -1   -1   -3   -0.000003
   2    4   -1    0   -3   -0.000003
   2    2    0   -1   -2   -0.000041
   2    2    0   -1    2   -0.000006
   2    2    0    1   -2   -0.000006
   2    2    0    1    2   -0.000041
   2    3   -2    2    1   -0.000000
   2    3    1    2   -1   -0.000000
   2    3   -3   -1    0    0.000000
   2    3    2   -1    0    0.000000
   2    4    2    1    0   -0.000000
   2    4    2   -2    0   -0.000000
   2    2   -3    0    0   -0.000000
   2    2    3    0    0   -0.000000
   3    4    1   -1   -1   -0.106368
   3    4    0   -1   -1   -0.065432
   3    2    1    0    0   -0.245221
   3    2    0    0    0   -0.245220
   3    1    0   -1   -1   -0.182347
   3    1    0    0   -1   -0.182345
   3    3   -1    0    0   -0.001052
   3    3    1    0    0   -0.001052
   3    2    1   -1    0   -0.002492
   3    2    0   -1    0   -0.002492
   3    4    1    0   -1    0.000746
   3    4    0    0   -1   -0.001843
   3    1    1   -1   -1   -0.004188
   3    1    1    0   -1   -0.004188
   3    1   -1   -1   -1   -0.001462
   3    1   -1    0   -1   -0.001463
   3    3    0    1    0   -0.000299
   3    3    0   -1    0   -0.000299
   3    3    0    0   -1   -0.000162
   3    3    0    0    1   -0.000162
   3    4    1   -1    0    0.000009
   3    4    0   -1    0   -0.000275
   3    1    0   -1    0   -0.000594
   3    1    0    0    0   -0.000589
   3    2    0    0   -1   -0.000178
   3    2    1    0    1   -0.000178
   3    2    1    0   -1   -0.000029
   3    2    0    0    1   -0.000029
   3    4    2   -1   -1   -0.000153
   3    4    0   -1   -2   -0.000128
   3    4   -1   -1   -1    0.000025
   3    4    1   -1   -2   -0.000064
   3    2    2    0    0    0.000035
   3    2   -1    0    0    0.000035
   3    1    0   -1   -2   -0.000029
   3    1    0    0   -2   -0.000027
   3    4    1   -2   -1   -0.000005
   3    4    0   -2   -1   -0.000066
   3    3   -1    1    0   -0.000008
   3    3    1    1    0   -0.000003
   3    3   -1   -1    0   -0.000003
   3    3    1   -1    0   -0.000008
   3    3   -1    0   -1   -0.000003
   3    3    1    0    1   -0.000003
   3    2    0   -1   -1   -0.000008
   3    2    1   -1    1   -0.000008
   3    4    1    0    0   -0.000755
   3    1    1   -1    0   -0.000006
   3    1    1    0    0   -0.000006
   3    2    1   -1   -1   -0.000007
   3    2    0   -1    1   -0.000007
   3    3   -1    0    1   -0.000012
   3    3    1    0   -1   -0.000012
   3    2    0    1    0   -0.000022
   3    2    1    1    0   -0.000022
   3    4    0    0    0    0.000004
   3    2    2   -1    0   -0.000012
   3    2   -1   -1    0   -0.000012
   3    1   -1   -1    0   -0.000003
   3    1   -1    0    0   -0.000003
   3    4    2    0   -1    0.000099
   3    4    0    0   -2   -0.000017
   3    4   -1    0   -1   -0.000147
   3    4    1    0   -2   -0.000000
   3    1   -1   -1   -2   -0.000004
   3    1   -1    0   -2   -0.000005
   3    3    0    1   -1   -0.000006
   3    3    0    1    1   -0.000041
   3    3    0   -1   -1   -0.000041
   3    3    0   -1    1   -0.000006
   3    1    1   -1   -2   -0.000001
   3    1    1    0   -2   -0.000001
   3    1    0    1   -1    0.000006
   3    1    0   -2   -1    0.000006
   3    4    2   -1    0   -0.000000
   3    3   -2    0    0   -0.000003
   3    3    2    0    0   -0.000003
   3    2   -1    0   -1   -0.000000
   3    2    2    0    1   -0.000001
   3    4    1   -2    0    0.000000
   3    4   -1   -1    0    0.000000
   3    4   -1   -1   -2   -0.000000
   3    4    0   -2    0   -0.000002
   3    3   -1    1   -1   -0.000000
   3    3    1    1    1   -0.000008
   3    3   -1   -1   -1   -0.000008
   3    3    1   -1    1   -0.000000
   3    1    2   -1   -1    0.000004
   3    1    2    0   -1    0.000004
   3    2   -1    0    1   -0.000000
   3    2    2    0   -1   -0.000000
   3    1   -2   -1   -1   -0.000000
   3    1   -2    0   -1   -0.000000
   3    4    2   -1   -2    0.000000
   3    4    2   -2   -1   -0.000000
   3    3   -1   -1    1   -0.000001
   3    3   -1    1    1   -0.000000
   3    3    1   -1   -1   -0.000000
   3    3    1    1   -1   -0.000001
   3    4    0   -2   -2   -0.000001
   3    1    1    1   -1   -0.000001
   3    1    1   -2   -1   -0.000001
   3    4   -1   -2   -1   -0.000000
   3    4    1   -2   -2   -0.000001
   3    1   -1   -2   -1   -0.000000
   3    1   -1    1   -1   -0.000000
   3    2   -1   -1   -1   -0.000000
   3    2    2   -1    1   -0.000000
   3    4    2    0    0    0.000000
   3    2    0    1   -1   -0.000024
   3    2    1    1    1   -0.000024
   3    2    0    1    1   -0.000001
   3    2    1    1   -1   -0.000001
   3    2    0   -2    0    0.000000
   3    2    1   -2    0    0.000000
   3    2    2    1    0   -0.000000
   3    2   -1    1    0   -0.000000
   3    2   -1   -1    1   -0.000000
   3    2    2   -1   -1   -0.000000
   3    4   -1    0    0   -0.000000
   3    4   -1    0   -2   -0.000000
   3    1    0    1    0   -0.000001
   3    1    0   -2    0   -0.000001
   3    4    1    1   -1    0.000000
   3    4    2    0   -2   -0.000000
   3    4    0    1   -1    0.000000
   3    3   -2    0   -1   -0.000000
   3    3    2    0    1   -0.000000
   3    3   -2   -1    0   -0.000001
   3    3   -2    1    0   -0.000002
   3    3    2   -1    0   -0.000002
   3    3    2    1    0   -0.000001
   3    1    0   -2   -2    0.000000
   3    1    0    1   -2   -0.000000
   3    1    2   -1    0   -0.000000
   3    1    2    0    0   -0.000000
   3    4    2   -2    0    0.000000
   3    3   -2    0    1   -0.000000
   3    3    2    0   -1   -0.000000
   3    1    1    1    0   -0.000000
   3    1    1   -2    0   -0.000000
   3    1   -2   -1   -2   -0.000000
   3    1   -2    0   -2   -0.000000
   3    4    3   -1   -1   -0.000000
   3    1   -2   -1    0   -0.000000
   3    1   -2    0    0   -0.000000
   3    1   -1    1    0   -0.000000
   3    1   -1   -2    0   -0.000000
   3    4   -2   -1   -1   -0.000000
   3    2    3    0    0    0.000000
   3    2   -2    0    0    0.000000
   3    3    0   -2    0   -0.000000
   3    3    0    2    0   -0.000000
   3    4   -1   -2    0   -0.000000
   3    4   -1   -2   -2   -0.000000
   3    1   -1   -2   -2   -0.000001
   3    1   -1    1   -2   -0.000000
   3    1    2   -1   -2   -0.000000
   3    1    2    0   -2   -0.000000
   3    2   -1    1   -1    0.000000
   3    2    2    1    1    0.000000
   3    2    0   -2   -1   -0.000000
   3    2    1   -2    1   -0.000000
   3    1    1    1   -2   -0.000000
   3    1    1   -2   -2   -0.000000
   3    4    2   -2   -2   -0.000000
   3    2    1   -2   -1   -0.000000
   3    2    0   -2    1   -0.000000
   3    2    2   -2    0    0.000000
   3    2   -1   -2    0    0.000000
   3    2   -1    1    1   -0.000000
   3    2    2    1   -1   -0.000000
   3    4    1    1    0    0.000000
   3    2    3   -1    0   -0.000000
   3    2   -2   -1    0   -0.000000
   3    4    1   -1    1   -0.000064
   3    4    0    1    0   -0.000000
   3    3   -2    1   -1    0.000000
   3    3    2    1    1   -0.000000
   3    3   -2   -1   -1   -0.000000
   3    3    2   -1    1    0.000000
   3    4    3    0   -1   -0.000000
   3    3    0    0   -2   -0.000162
   3    3    0    0    2   -0.000162
   3    1    0   -1    1   -0.000029
   3    1    0    0    1   -0.000027
   3    4   -2    0   -1    0.000000
   3    4    0   -1    1   -0.000128
   3    4    2    1   -1    0.000000
   3    4    0    1   -2   -0.000001
   3    3   -1   -2    0    0.000000
   3    3   -1    2    0   -0.000000
   3    3    1   -2    0   -0.000000
   3    3    1    2    0    0.000000
   3    4   -1    1   -1   -0.000000
   3    4    1    1   -2    0.000000
   3    2    0    0   -2   -0.000029
   3    2    1    0    2   -0.000029
   3    1    2    1   -1   -0.000000
   3    1    2   -2   -1   -0.000000
   3    4    3   -1    0   -0.000000
   3    3   -2   -1    1   -0.000000
   3    3   -2    1    1   -0.000000
   3    3    2   -1   -1   -0.000000
   3    3    2    1   -1   -0.000000
   3    1   -2    1   -1   -0.000000
   3    1   -2   -2   -1   -0.000000
   3    2    0    0    2   -0.000178
   3    2    1    0   -2   -0.000178
   3    4    0   -1   -3   -0.000275
   3    2    3    0    1   -0.000000
   3    2   -2    0   -1   -0.000000
   3    4    1   -3   -1    0.000000
   3    4    0   -3   -1    0.000000
   3    4    1    0    1   -0.000000
   3    3   -1    0   -2   -0.000012
   3    3    1    0    2   -0.000012
   3    1    1   -1    1   -0.000001
   3    1    1    0    1   -0.000001
   3    1    0   -1   -3   -0.000594
   3    1    0    0   -3   -0.000589
   3    4    1   -1   -3    0.000009
   3    4   -2   -1   -2   -0.000000
   3    2    0   -1   -2   -0.000007
   3    2    1   -1    2   -0.000007
   3    3    0   -2   -1   -0.000000
   3    3    0   -2    1   -0.000000
   3    3    0    2   -1   -0.000000
   3    3    0    2    1   -0.000000
   3    4    0    0    1   -0.000017
   3    4   -2   -1    0   -0.000000
   3    2    0   -1    2   -0.000008
   3    2    1   -1   -2   -0.000008
   3    2   -2    0    1   -0.000000
   3    2    3    0   -1   -0.000000
   3    3   -1    0    2   -0.000003
   3    3    1    0   -2   -0.000003
   3    4    3   -2   -1   -0.000000
   3    2   -1   -2   -1   -0.000000
   3    2    2   -2    1   -0.000000
   3    4    3   -1   -2   -0.000000
   3    4    3    0    0    0.000000
   3    1   -1   -1    1   -0.000004
   3    1   -1    0    1   -0.000005
   3    2   -2   -1   -1    0.000000
   3    2    3   -1    1    0.000000
   3    4   -2   -2   -1    0.000000
   3    2    0    2    0    0.000000
   3    2    1    2    0    0.000000
   3    4    0    0   -3    0.000004
   3    4    2   -1    1    0.000000
   3    4    2    1    0    0.000000
   3    1   -1   -1   -3   -0.000003
   3    1   -1    0   -3   -0.000003
   3    3    0   -1   -2   -0.000006
   3    3    0   -1    2   -0.000041
   3    3    0    1   -2   -0.000041
   3    3    0    1    2   -0.000006
   3    2   -1   -2    1   -0.000000
   3    2    2   -2   -1   -0.000000
   3    2    3    1    0    0.000000
   3    2   -2    1    0    0.000000
   3    1    2    1    0   -0.000000
   3    1    2   -2    0   -0.000000
   3    3   -3    0    0   -0.000000
   3    3    3    0    0   -0.000000
   4    3   -1    1    1   -0.106368
   4    3    0    1    1   -0.065432
   4    1   -1    0    0   -0.245221
   4    1    0    0    0   -0.245220
   4    2    0    0    1   -0.182345
   4    2    0    1    1   -0.182347
   4    4   -1    0    0   -0.001052
   4    4    1    0    0   -0.001052
   4    1   -1    1    0   -0.002492
   4    1    0    1    0   -0.002492
   4    3   -1    0    1    0.000746
   4    3    0    0    1   -0.001843
   4    2   -1    0    1   -0.004188
   4    2   -1    1    1   -0.004188
   4    2    1    0    1   -0.001463
   4    2    1    1    1   -0.001462
   4    4    0   -1    0   -0.000299
   4    4    0    1    0   -0.000299
   4    4    0    0   -1   -0.000162
   4    4    0    0    1   -0.000162
   4    3   -1    1    0    0.000009
   4    3    0    1    0   -0.000275
   4    2    0    0    0   -0.000589
   4    2    0    1    0   -0.000594
   4    1   -1    0   -1   -0.000178
   4    1    0    0    1   -0.000178
   4    1   -1    0    1   -0.000029
   4    1    0    0   -1   -0.000029
   4    3   -2    1    1   -0.000153
   4    3    0    1    2   -0.000128
   4    3    1    1    1    0.000025
   4    3   -1    1    2   -0.000064
   4    1   -2    0    0    0.000035
   4    1    1    0    0    0.000035
   4    2    0    0    2   -0.000027
   4    2    0    1    2   -0.000029
   4    3   -1    2    1   -0.000005
   4    3    0    2    1   -0.000066
   4    4   -1   -1    0   -0.000003
   4    4    1   -1    0   -0.000008
   4    4   -1    1    0   -0.000008
   4    4    1    1    0   -0.000003
   4    4   -1    0   -1   -0.000003
   4    4    1    0    1   -0.000003
   4    1   -1    1   -1   -0.000008
   4    1    0    1    1   -0.000008
   4    3   -1    0    0   -0.000755
   4    2   -1    0    0   -0.000006
   4    2   -1    1    0   -0.000006
   4    1   -1    1    1   -0.000007
   4    1    0    1   -1   -0.000007
   4    4   -1    0    1   -0.000012
   4    4    1    0   -1   -0.000012
   4    1   -1   -1    0   -0.000022
   4    1    0   -1    0   -0.000022
   4    3    0    0    0    0.000004
   4    1   -2    1    0   -0.000012
   4    1    1    1    0   -0.000012
   4    2    1    0    0   -0.000003
   4    2    1    1    0   -0.000003
   4    3   -2    0    1    0.000099
   4    3    0    0    2   -0.000017
   4    3    1    0    1   -0.000147
   4    3   -1    0    2   -0.000000
   4    2    1    0    2   -0.000005
   4    2    1    1    2   -0.000004
   4    4    0   -1   -1   -0.000041
   4    4    0   -1    1   -0.000006
   4    4    0    1   -1   -0.000006
   4    4    0    1    1   -0.000041
   4    2   -1    0    2   -0.000001
   4    2   -1    1    2   -0.000001
   4    2    0   -1    1    0.000006
   4    2    0    2    1    0.000006
   4    3   -2    1    0   -0.000000
   4    4   -2    0    0   -0.000003
   4    4    2    0    0   -0.000003
   4    1   -2    0   -1   -0.000001
   4    1    1    0    1   -0.000000
   4    3   -1    2    0    0.000000
   4    3    1    1    0    0.000000
   4    3    1    1    2   -0.000000
   4    3    0    2    0   -0.000002
   4    4   -1   -1   -1   -0.000008
   4    4    1   -1    1   -0.000000
   4    4   -1    1   -1   -0.000000
   4    4    1    1    1   -0.000008
   4    2   -2    0    1    0.000004
   4    2   -2    1    1    0.000004
   4    1   -2    0    1   -0.000000
   4    1    1    0   -1   -0.000000
   4    2    2    0    1   -0.000000
   4    2    2    1    1   -0.000000
   4    3   -2    1    2    0.000000
   4    3   -2    2    1   -0.000000
   4    4   -1   -1    1   -0.000001
   4    4   -1    1    1   -0.000000
   4    4    1   -1   -1   -0.000000
   4    4    1    1   -1   -0.000001
   4    3    0    2    2   -0.000001
   4    2   -1   -1    1   -0.000001
   4    2   -1    2    1   -0.000001
   4    3    1    2    1   -0.000000
   4    3   -1    2    2   -0.000001
   4    2    1   -1    1   -0.000000
   4    2    1    2    1   -0.000000
   4    1   -2    1   -1   -0.000000
   4    1    1    1    1   -0.000000
   4    3   -2    0    0    0.000000
   4    1   -1   -1   -1   -0.000024
   4    1    0   -1    1   -0.000024
   4    1   -1   -1    1   -0.000001
   4    1    0   -1   -1   -0.000001
   4    1   -1    2    0    0.000000
   4    1    0    2    0    0.000000
   4    1   -2   -1    0   -0.000000
   4    1    1   -1    0   -0.000000
   4    1   -2    1    1   -0.000000
   4    1    1    1   -1   -0.000000
   4    3    1    0    0   -0.000000
   4    3    1    0    2   -0.000000
   4    2    0   -1    0   -0.000001
   4    2    0    2    0   -0.000001
   4    3   -1   -1    1    0.000000
   4    3   -2    0    2   -0.000000
   4    3    0   -1    1    0.000000
   4    4   -2    0   -1   -0.000000
   4    4    2    0    1   -0.000000
   4    4   -2   -1    0   -0.000001
   4    4   -2    1    0   -0.000002
   4    4    2   -1    0   -0.000002
   4    4    2    1    0   -0.000001
   4    2    0   -1    2   -0.000000
   4    2    0    2    2    0.000000
   4    2   -2    0    0   -0.000000
   4    2   -2    1    0   -0.000000
   4    3   -2    2    0    0.000000
   4    4   -2    0    1   -0.000000
   4    4    2    0   -1   -0.000000
   4    2   -1   -1    0   -0.000000
   4    2   -1    2    0   -0.000000
   4    2    2    0    2   -0.000000
   4    2    2    1    2   -0.000000
   4    3   -3    1    1   -0.000000
   4    2    2    0    0   -0.000000
   4    2    2    1    0   -0.000000
   4    2    1   -1    0   -0.000000
   4    2    1    2    0   -0.000000
   4    3    2    1    1   -0.000000
   4    1   -3    0    0    0.000000
   4    1    2    0    0    0.000000
   4    4    0   -2    0   -0.000000
   4    4    0    2    0   -0.000000
   4    3    1    2    0   -0.000000
   4    3    1    2    2   -0.000000
   4    2    1   -1    2   -0.000000
   4    2    1    2    2   -0.000001
   4    2   -2    0    2   -0.000000
   4    2   -2    1    2   -0.000000
   4    1   -2   -1   -1    0.000000
   4    1    1   -1    1    0.000000
   4    1   -1    2   -1   -0.000000
   4    1    0    2    1   -0.000000
   4    2   -1   -1    2   -0.000000
   4    2   -1    2    2   -0.000000
   4    3   -2    2    2   -0.000000
   4    1   -1    2    1   -0.000000
   4    1    0    2   -1   -0.000000
   4    1   -2    2    0    0.000000
   4    1    1    2    0    0.000000
   4    1   -2   -1    1   -0.000000
   4    1    1   -1   -1   -0.000000
   4    3   -1   -1    0    0.000000
   4    1   -3    1    0   -0.000000
   4    1    2    1    0   -0.000000
   4    3   -1    1   -1   -0.000064
   4    3    0   -1    0   -0.000000
   4    4   -2   -1   -1   -0.000000
   4    4    2   -1    1    0.000000
   4    4   -2    1   -1    0.000000
   4    4    2    1    1   -0.000000
   4    3   -3    0    1   -0.000000
   4    4    0    0   -2   -0.000162
   4    4    0    0    2   -0.000162
   4    2    0    0   -1   -0.000027
   4    2    0    1   -1   -0.000029
   4    3    2    0    1    0.000000
   4    3    0    1   -1   -0.000128
   4    3   -2   -1    1    0.000000
   4    3    0   -1    2   -0.000001
   4    4   -1   -2    0    0.000000
   4    4   -1    2    0   -0.000000
   4    4    1   -2    0   -0.000000
   4    4    1    2    0    0.000000
   4    3    1   -1    1   -0.000000
   4    3   -1   -1    2    0.000000
   4    1   -1    0   -2   -0.000029
   4    1    0    0    2   -0.000029
   4    2   -2   -1    1   -0.000000
   4    2   -2    2    1   -0.000000
   4    3   -3    1    0   -0.000000
   4    4   -2   -1    1   -0.000000
   4    4   -2    1    1   -0.000000
   4    4    2   -1   -1   -0.000000
   4    4    2    1   -1   -0.000000
   4    2    2   -1    1   -0.000000
   4    2    2    2    1   -0.000000
   4    1   -1    0    2   -0.000178
   4    1    0    0   -2   -0.000178
   4    3    0    1    3   -0.000275
   4    1   -3    0   -1   -0.000000
   4    1    2    0    1   -0.000000
   4    3   -1    3    1    0.000000
   4    3    0    3    1    0.000000
   4    3   -1    0   -1   -0.000000
   4    4   -1    0   -2   -0.000012
   4    4    1    0    2   -0.000012
   4    2   -1    0   -1   -0.000001
   4    2   -1    1   -1   -0.000001
   4    2    0    0    3   -0.000589
   4    2    0    1    3   -0.000594
   4    3   -1    1    3    0.000009
   4    3    2    1    2   -0.000000
   4    1   -1    1   -2   -0.000007
   4    1    0    1    2   -0.000007
   4    4    0   -2   -1   -0.000000
   4    4    0   -2    1   -0.000000
   4    4    0    2   -1   -0.000000
   4    4    0    2    1   -0.000000
   4    3    0    0   -1   -0.000017
   4    3    2    1    0   -0.000000
   4    1   -1    1    2   -0.000008
   4    1    0    1   -2   -0.000008
   4    1   -3    0    1   -0.000000
   4    1    2    0   -1   -0.000000
   4    4   -1    0    2   -0.000003
   4    4    1    0   -2   -0.000003
   4    3   -3    2    1   -0.000000
   4    1   -2    2   -1   -0.000000
   4    1    1    2    1   -0.000000
   4    3   -3    1    2   -0.000000
   4    3   -3    0    0    0.000000
   4    2    1    0   -1   -0.000005
   4    2    1    1   -1   -0.000004
   4    1   -3    1   -1    0.000000
   4    1    2    1    1    0.000000
   4    3    2    2    1    0.000000
   4    1   -1   -2    0    0.000000
   4    1    0   -2    0    0.000000
   4    3    0    0    3    0.000004
   4    3   -2    1   -1    0.000000
   4    3   -2   -1    0    0.000000
   4    2    1    0    3   -0.000003
   4    2    1    1    3   -0.000003
   4    4    0   -1   -2   -0.000006
   4    4    0   -1    2   -0.000041
   4    4    0    1   -2   -0.000041
   4    4    0    1    2   -0.000006
   4    1   -2    2    1   -0.000000
   4    1    1    2   -1   -0.000000
   4    1   -3   -1    0    0.000000
   4    1    2   -1    0    0.000000
   4    2   -2   -1    0   -0.000000
   4    2   -2    2    0   -0.000000
   4    4   -3    0    0   -0.000000
   4    4    3    0    0   -0.000000
