220
0.000000000000000000e+00 0.000000000000000000e+00 0.000000000000000000e+00
0.000000000000000000e+00 0.000000000000000000e+00 2.631578999999999863e-02
0.000000000000000000e+00 0.000000000000000000e+00 5.263157999999999725e-02
0.000000000000000000e+00 0.000000000000000000e+00 7.894737000000000282e-02
0.000000000000000000e+00 0.000000000000000000e+00 1.052632000000000012e-01
0.000000000000000000e+00 0.000000000000000000e+00 1.315788999999999986e-01
0.000000000000000000e+00 0.000000000000000000e+00 1.578946999999999989e-01
0.000000000000000000e+00 0.000000000000000000e+00 1.842104999999999992e-01
0.000000000000000000e+00 0.000000000000000000e+00 2.105262999999999995e-01
0.000000000000000000e+00 0.000000000000000000e+00 2.368420999999999998e-01
0.000000000000000000e+00 0.000000000000000000e+00 2.631579000000000002e-01
0.000000000000000000e+00 0.000000000000000000e+00 2.894737000000000005e-01
0.000000000000000000e+00 0.000000000000000000e+00 3.157895000000000008e-01
0.000000000000000000e+00 0.000000000000000000e+00 3.421053000000000011e-01
0.000000000000000000e+00 0.000000000000000000e+00 3.684211000000000014e-01
0.000000000000000000e+00 0.000000000000000000e+00 3.947367999999999988e-01
0.000000000000000000e+00 0.000000000000000000e+00 4.210525999999999991e-01
0.000000000000000000e+00 0.000000000000000000e+00 4.473683999999999994e-01
0.000000000000000000e+00 0.000000000000000000e+00 4.736841999999999997e-01
0.000000000000000000e+00 0.000000000000000000e+00 5.000000000000000000e-01
0.000000000000000000e+00 0.000000000000000000e+00 5.000000000000000000e-01
0.000000000000000000e+00 2.553922999999999957e-02 5.014507999999999743e-01
0.000000000000000000e+00 5.107847000000000082e-02 5.029015000000000013e-01
0.000000000000000000e+00 7.661769999999999692e-02 5.043522999999999756e-01
0.000000000000000000e+00 1.021568999999999949e-01 5.058030999999999500e-01
0.000000000000000000e+00 1.276962000000000097e-01 5.072537999999999769e-01
0.000000000000000000e+00 1.532353999999999938e-01 5.087045999999999513e-01
0.000000000000000000e+00 1.787746000000000057e-01 5.101552999999999782e-01
0.000000000000000000e+00 2.043138999999999927e-01 5.116060999999999526e-01
0.000000000000000000e+00 2.298531000000000046e-01 5.130569000000000379e-01
0.000000000000000000e+00 2.553923000000000165e-01 5.145075999999999539e-01
0.000000000000000000e+00 2.809316000000000035e-01 5.159584000000000392e-01
0.000000000000000000e+00 3.064707999999999877e-01 5.174092000000000136e-01
0.000000000000000000e+00 3.320100000000000273e-01 5.188599000000000405e-01
0.000000000000000000e+00 3.575493000000000143e-01 5.203107000000000149e-01
0.000000000000000000e+00 3.830884999999999985e-01 5.217614999999999892e-01
0.000000000000000000e+00 4.086276999999999826e-01 5.232122000000000162e-01
0.000000000000000000e+00 4.341670000000000251e-01 5.246629999999999905e-01
0.000000000000000000e+00 4.597062000000000093e-01 5.261137999999999648e-01
0.000000000000000000e+00 4.852453999999999934e-01 5.275644999999999918e-01
0.000000000000000000e+00 4.852453999999999934e-01 5.275644999999999918e-01
0.000000000000000000e+00 4.860220000000000096e-01 5.261137999999999648e-01
0.000000000000000000e+00 4.867985000000000229e-01 5.246629999999999905e-01
0.000000000000000000e+00 4.875750999999999835e-01 5.232122000000000162e-01
0.000000000000000000e+00 4.883515999999999968e-01 5.217614999999999892e-01
0.000000000000000000e+00 4.891282000000000130e-01 5.203107000000000149e-01
0.000000000000000000e+00 4.899047999999999736e-01 5.188599000000000405e-01
0.000000000000000000e+00 4.906812999999999869e-01 5.174092000000000136e-01
0.000000000000000000e+00 4.914579000000000031e-01 5.159584000000000392e-01
0.000000000000000000e+00 4.922344000000000164e-01 5.145075999999999539e-01
0.000000000000000000e+00 4.930109999999999770e-01 5.130569000000000379e-01
0.000000000000000000e+00 4.937874999999999903e-01 5.116060999999999526e-01
0.000000000000000000e+00 4.945641000000000065e-01 5.101552999999999782e-01
0.000000000000000000e+00 4.953407000000000227e-01 5.087045999999999513e-01
0.000000000000000000e+00 4.961171999999999804e-01 5.072537999999999769e-01
0.000000000000000000e+00 4.968937999999999966e-01 5.058030999999999500e-01
0.000000000000000000e+00 4.976703000000000099e-01 5.043522999999999756e-01
0.000000000000000000e+00 4.984469000000000261e-01 5.029015000000000013e-01
0.000000000000000000e+00 4.992233999999999838e-01 5.014507999999999743e-01
0.000000000000000000e+00 5.000000000000000000e-01 5.000000000000000000e-01
0.000000000000000000e+00 5.000000000000000000e-01 5.000000000000000000e-01
2.631578999999999863e-02 5.000000000000000000e-01 5.000000000000000000e-01
5.263157999999999725e-02 5.000000000000000000e-01 5.000000000000000000e-01
7.894737000000000282e-02 5.000000000000000000e-01 5.000000000000000000e-01
1.052632000000000012e-01 5.000000000000000000e-01 5.000000000000000000e-01
1.315788999999999986e-01 5.000000000000000000e-01 5.000000000000000000e-01
1.578946999999999989e-01 5.000000000000000000e-01 5.000000000000000000e-01
1.842104999999999992e-01 5.000000000000000000e-01 5.000000000000000000e-01
2.105262999999999995e-01 5.000000000000000000e-01 5.000000000000000000e-01
2.368420999999999998e-01 5.000000000000000000e-01 5.000000000000000000e-01
2.631579000000000002e-01 5.000000000000000000e-01 5.000000000000000000e-01
2.894737000000000005e-01 5.000000000000000000e-01 5.000000000000000000e-01
3.157895000000000008e-01 5.000000000000000000e-01 5.000000000000000000e-01
3.421053000000000011e-01 5.000000000000000000e-01 5.000000000000000000e-01
3.684211000000000014e-01 5.000000000000000000e-01 5.000000000000000000e-01
3.947367999999999988e-01 5.000000000000000000e-01 5.000000000000000000e-01
4.210525999999999991e-01 5.000000000000000000e-01 5.000000000000000000e-01
4.473683999999999994e-01 5.000000000000000000e-01 5.000000000000000000e-01
4.736841999999999997e-01 5.000000000000000000e-01 5.000000000000000000e-01
5.000000000000000000e-01 5.000000000000000000e-01 5.000000000000000000e-01
5.000000000000000000e-01 5.000000000000000000e-01 5.000000000000000000e-01
5.000000000000000000e-01 5.007766000000000162e-01 4.985492000000000257e-01
5.000000000000000000e-01 5.015530999999999739e-01 4.970984999999999987e-01
5.000000000000000000e-01 5.023296999999999901e-01 4.956477000000000244e-01
5.000000000000000000e-01 5.031061999999999479e-01 4.941968999999999945e-01
5.000000000000000000e-01 5.038827999999999641e-01 4.927462000000000231e-01
5.000000000000000000e-01 5.046593000000000329e-01 4.912953999999999932e-01
5.000000000000000000e-01 5.054359000000000490e-01 4.898447000000000218e-01
5.000000000000000000e-01 5.062124999999999542e-01 4.883938999999999919e-01
5.000000000000000000e-01 5.069890000000000230e-01 4.869431000000000176e-01
5.000000000000000000e-01 5.077656000000000391e-01 4.854923999999999906e-01
5.000000000000000000e-01 5.085420999999999969e-01 4.840416000000000163e-01
5.000000000000000000e-01 5.093187000000000131e-01 4.825907999999999864e-01
5.000000000000000000e-01 5.100951999999999709e-01 4.811401000000000150e-01
5.000000000000000000e-01 5.108717999999999870e-01 4.796892999999999851e-01
5.000000000000000000e-01 5.116484000000000032e-01 4.782385000000000108e-01
5.000000000000000000e-01 5.124248999999999610e-01 4.767877999999999838e-01
5.000000000000000000e-01 5.132014999999999771e-01 4.753370000000000095e-01
5.000000000000000000e-01 5.139780000000000459e-01 4.738861999999999797e-01
5.000000000000000000e-01 5.147545999999999511e-01 4.724355000000000082e-01
5.000000000000000000e-01 5.147545999999999511e-01 4.724355000000000082e-01
5.000000000000000000e-01 5.139780000000000459e-01 4.475704999999999822e-01
5.000000000000000000e-01 5.132014999999999771e-01 4.227054000000000089e-01
5.000000000000000000e-01 5.124248999999999610e-01 3.978403999999999829e-01
5.000000000000000000e-01 5.116484000000000032e-01 3.729754000000000125e-01
5.000000000000000000e-01 5.108717999999999870e-01 3.481103999999999865e-01
5.000000000000000000e-01 5.100951999999999709e-01 3.232453000000000132e-01
5.000000000000000000e-01 5.093187000000000131e-01 2.983802999999999872e-01
5.000000000000000000e-01 5.085420999999999969e-01 2.735153000000000167e-01
5.000000000000000000e-01 5.077656000000000391e-01 2.486502999999999908e-01
5.000000000000000000e-01 5.069890000000000230e-01 2.237851999999999897e-01
5.000000000000000000e-01 5.062124999999999542e-01 1.989201999999999915e-01
5.000000000000000000e-01 5.054359000000000490e-01 1.740551999999999933e-01
5.000000000000000000e-01 5.046593000000000329e-01 1.491901999999999950e-01
5.000000000000000000e-01 5.038827999999999641e-01 1.243250999999999939e-01
5.000000000000000000e-01 5.031061999999999479e-01 9.946009999999999573e-02
5.000000000000000000e-01 5.023296999999999901e-01 7.459507999999999417e-02
5.000000000000000000e-01 5.015530999999999739e-01 4.973004999999999787e-02
5.000000000000000000e-01 5.007766000000000162e-01 2.486502999999999977e-02
5.000000000000000000e-01 5.000000000000000000e-01 0.000000000000000000e+00
5.000000000000000000e-01 5.000000000000000000e-01 0.000000000000000000e+00
4.736841999999999997e-01 5.000000000000000000e-01 0.000000000000000000e+00
4.473683999999999994e-01 5.000000000000000000e-01 0.000000000000000000e+00
4.210525999999999991e-01 5.000000000000000000e-01 0.000000000000000000e+00
3.947367999999999988e-01 5.000000000000000000e-01 0.000000000000000000e+00
3.684211000000000014e-01 5.000000000000000000e-01 0.000000000000000000e+00
3.421053000000000011e-01 5.000000000000000000e-01 0.000000000000000000e+00
3.157895000000000008e-01 5.000000000000000000e-01 0.000000000000000000e+00
2.894737000000000005e-01 5.000000000000000000e-01 0.000000000000000000e+00
2.631579000000000002e-01 5.000000000000000000e-01 0.000000000000000000e+00
2.368420999999999998e-01 5.000000000000000000e-01 0.000000000000000000e+00
2.105262999999999995e-01 5.000000000000000000e-01 0.000000000000000000e+00
1.842104999999999992e-01 5.000000000000000000e-01 0.000000000000000000e+00
1.578946999999999989e-01 5.000000000000000000e-01 0.000000000000000000e+00
1.315788999999999986e-01 5.000000000000000000e-01 0.000000000000000000e+00
1.052632000000000012e-01 5.000000000000000000e-01 0.000000000000000000e+00
7.894737000000000282e-02 5.000000000000000000e-01 0.000000000000000000e+00
5.263157999999999725e-02 5.000000000000000000e-01 0.000000000000000000e+00
2.631578999999999863e-02 5.000000000000000000e-01 0.000000000000000000e+00
0.000000000000000000e+00 5.000000000000000000e-01 0.000000000000000000e+00
0.000000000000000000e+00 5.000000000000000000e-01 0.000000000000000000e+00
0.000000000000000000e+00 5.007766000000000162e-01 2.486502999999999977e-02
0.000000000000000000e+00 5.015530999999999739e-01 4.973004999999999787e-02
0.000000000000000000e+00 5.023296999999999901e-01 7.459507999999999417e-02
0.000000000000000000e+00 5.031061999999999479e-01 9.946009999999999573e-02
0.000000000000000000e+00 5.038827999999999641e-01 1.243250999999999939e-01
0.000000000000000000e+00 5.046593000000000329e-01 1.491901999999999950e-01
0.000000000000000000e+00 5.054359000000000490e-01 1.740551999999999933e-01
0.000000000000000000e+00 5.062124999999999542e-01 1.989201999999999915e-01
0.000000000000000000e+00 5.069890000000000230e-01 2.237851999999999897e-01
0.000000000000000000e+00 5.077656000000000391e-01 2.486502999999999908e-01
0.000000000000000000e+00 5.085420999999999969e-01 2.735153000000000167e-01
0.000000000000000000e+00 5.093187000000000131e-01 2.983802999999999872e-01
0.000000000000000000e+00 5.100951999999999709e-01 3.232453000000000132e-01
0.000000000000000000e+00 5.108717999999999870e-01 3.481103999999999865e-01
0.000000000000000000e+00 5.116484000000000032e-01 3.729754000000000125e-01
0.000000000000000000e+00 5.124248999999999610e-01 3.978403999999999829e-01
0.000000000000000000e+00 5.132014999999999771e-01 4.227054000000000089e-01
0.000000000000000000e+00 5.139780000000000459e-01 4.475704999999999822e-01
0.000000000000000000e+00 5.147545999999999511e-01 4.724355000000000082e-01
5.000000000000000000e-01 4.852453999999999934e-01 5.275644999999999918e-01
5.000000000000000000e-01 4.597062000000000093e-01 5.261137999999999648e-01
5.000000000000000000e-01 4.341670000000000251e-01 5.246629999999999905e-01
5.000000000000000000e-01 4.086276999999999826e-01 5.232122000000000162e-01
5.000000000000000000e-01 3.830884999999999985e-01 5.217614999999999892e-01
5.000000000000000000e-01 3.575493000000000143e-01 5.203107000000000149e-01
5.000000000000000000e-01 3.320100000000000273e-01 5.188599000000000405e-01
5.000000000000000000e-01 3.064707999999999877e-01 5.174092000000000136e-01
5.000000000000000000e-01 2.809316000000000035e-01 5.159584000000000392e-01
5.000000000000000000e-01 2.553923000000000165e-01 5.145075999999999539e-01
5.000000000000000000e-01 2.298531000000000046e-01 5.130569000000000379e-01
5.000000000000000000e-01 2.043138999999999927e-01 5.116060999999999526e-01
5.000000000000000000e-01 1.787746000000000057e-01 5.101552999999999782e-01
5.000000000000000000e-01 1.532353999999999938e-01 5.087045999999999513e-01
5.000000000000000000e-01 1.276962000000000097e-01 5.072537999999999769e-01
5.000000000000000000e-01 1.021568999999999949e-01 5.058030999999999500e-01
5.000000000000000000e-01 7.661769999999999692e-02 5.043522999999999756e-01
5.000000000000000000e-01 5.107847000000000082e-02 5.029015000000000013e-01
5.000000000000000000e-01 2.553922999999999957e-02 5.014507999999999743e-01
5.000000000000000000e-01 0.000000000000000000e+00 5.000000000000000000e-01
5.000000000000000000e-01 0.000000000000000000e+00 5.000000000000000000e-01
5.000000000000000000e-01 0.000000000000000000e+00 4.736841999999999997e-01
5.000000000000000000e-01 0.000000000000000000e+00 4.473683999999999994e-01
5.000000000000000000e-01 0.000000000000000000e+00 4.210525999999999991e-01
5.000000000000000000e-01 0.000000000000000000e+00 3.947367999999999988e-01
5.000000000000000000e-01 0.000000000000000000e+00 3.684211000000000014e-01
5.000000000000000000e-01 0.000000000000000000e+00 3.421053000000000011e-01
5.000000000000000000e-01 0.000000000000000000e+00 3.157895000000000008e-01
5.000000000000000000e-01 0.000000000000000000e+00 2.894737000000000005e-01
5.000000000000000000e-01 0.000000000000000000e+00 2.631579000000000002e-01
5.000000000000000000e-01 0.000000000000000000e+00 2.368420999999999998e-01
5.000000000000000000e-01 0.000000000000000000e+00 2.105262999999999995e-01
5.000000000000000000e-01 0.000000000000000000e+00 1.842104999999999992e-01
5.000000000000000000e-01 0.000000000000000000e+00 1.578946999999999989e-01
5.000000000000000000e-01 0.000000000000000000e+00 1.315788999999999986e-01
5.000000000000000000e-01 0.000000000000000000e+00 1.052632000000000012e-01
5.000000000000000000e-01 0.000000000000000000e+00 7.894737000000000282e-02
5.000000000000000000e-01 0.000000000000000000e+00 5.263157999999999725e-02
5.000000000000000000e-01 0.000000000000000000e+00 2.631578999999999863e-02
5.000000000000000000e-01 0.000000000000000000e+00 0.000000000000000000e+00
0.000000000000000000e+00 0.000000000000000000e+00 5.000000000000000000e-01
2.631578999999999863e-02 0.000000000000000000e+00 5.000000000000000000e-01
5.263157999999999725e-02 0.000000000000000000e+00 5.000000000000000000e-01
7.894737000000000282e-02 0.000000000000000000e+00 5.000000000000000000e-01
1.052632000000000012e-01 0.000000000000000000e+00 5.000000000000000000e-01
1.315788999999999986e-01 0.000000000000000000e+00 5.000000000000000000e-01
1.578946999999999989e-01 0.000000000000000000e+00 5.000000000000000000e-01
1.842104999999999992e-01 0.000000000000000000e+00 5.000000000000000000e-01
2.105262999999999995e-01 0.000000000000000000e+00 5.000000000000000000e-01
2.368420999999999998e-01 0.000000000000000000e+00 5.000000000000000000e-01
2.631579000000000002e-01 0.000000000000000000e+00 5.000000000000000000e-01
2.894737000000000005e-01 0.000000000000000000e+00 5.000000000000000000e-01
3.157895000000000008e-01 0.000000000000000000e+00 5.000000000000000000e-01
3.421053000000000011e-01 0.000000000000000000e+00 5.000000000000000000e-01
3.684211000000000014e-01 0.000000000000000000e+00 5.000000000000000000e-01
3.947367999999999988e-01 0.000000000000000000e+00 5.000000000000000000e-01
4.210525999999999991e-01 0.000000000000000000e+00 5.000000000000000000e-01
4.473683999999999994e-01 0.000000000000000000e+00 5.000000000000000000e-01
4.736841999999999997e-01 0.000000000000000000e+00 5.000000000000000000e-01
5.000000000000000000e-01 0.000000000000000000e+00 5.000000000000000000e-01
