   1   1  -1  -1  -1  14   1     -0.0606220      0.0433745      0.0433745      0.0433745     -0.0606220      0.0433745      0.0433745      0.0433745     -0.0606220
   1   2  -1  -1  -1  14  28      0.0539423     -0.0000000     -0.0000000      0.0000000      0.0539423      0.0000000     -0.0000000     -0.0000000      0.0539423
   1   1   0  -1  -1  14   2     -0.0606220     -0.0433745     -0.0433745     -0.0433745     -0.0606220      0.0433745     -0.0433745      0.0433745     -0.0606220
   1   2   0  -1  -1  14  29      0.0479425      0.0922698      0.0922698      0.0922504      0.1728614     -0.0262650      0.0922504     -0.0262650      0.1728614
   1   1   1  -1  -1  14   3     -0.1156735      0.0000000      0.0000000      0.0000000     -0.0667788      0.0000007      0.0000000      0.0000007     -0.0667788
   1   2   1  -1  -1  14  30      0.0479425     -0.0922698     -0.0922698     -0.0922504      0.1728614     -0.0262650     -0.0922504     -0.0262650      0.1728614
   1   1  -1   0  -1  14   4     -0.0606220     -0.0433745      0.0433745     -0.0433745     -0.0606220     -0.0433745      0.0433745     -0.0433745     -0.0606220
   1   2  -1   0  -1  14  31      0.1728614      0.0922504     -0.0262650      0.0922698      0.0479425      0.0922698     -0.0262650      0.0922504      0.1728614
   1   1   0   0  -1  14   5     -1.5718752     -1.6726721      0.6610018     -1.6726721     -1.5718752      0.6610018     -0.6609495     -0.6609495      1.5333713
   1   2   0   0  -1  14  32     -9.3086022     -2.2668357      2.2668357     -2.2668357     -9.3086022      2.2668357      2.2668357      2.2668357     -9.3086022
   1   1   1   0  -1  14   6     -1.5718752     -0.6610018      1.6726721      0.6609495      1.5333713     -0.6609495      1.6726721      0.6610018     -1.5718752
   1   2   1   0  -1  14  33      0.1728614      0.0262650     -0.0922504      0.0262650      0.1728614      0.0922504     -0.0922698      0.0922698      0.0479425
   1   1  -1   1  -1  14   7     -0.0667788      0.0000000      0.0000007      0.0000000     -0.1156735     -0.0000000      0.0000007      0.0000000     -0.0667788
   1   2  -1   1  -1  14  34      0.1728614     -0.0922504     -0.0262650     -0.0922698      0.0479425     -0.0922698     -0.0262650     -0.0922504      0.1728614
   1   1   0   1  -1  14   8      1.5333713      0.6609495     -0.6609495     -0.6610018     -1.5718752      1.6726721      0.6610018      1.6726721     -1.5718752
   1   2   0   1  -1  14  35      0.1728614      0.0262650      0.0922504      0.0262650      0.1728614     -0.0922504      0.0922698     -0.0922698      0.0479425
   1   1   1   1  -1  14   9     -0.0667788     -0.0000007      0.0000000     -0.0000007     -0.0667788     -0.0000000      0.0000000      0.0000000     -0.1156735
   1   2   1   1  -1  14  36      0.0482512      0.0193410     -0.0193410      0.0193410      0.0482512     -0.0193410     -0.0193410     -0.0193410      0.0482512
   1   1  -1  -1   0  14  10     -0.0606220      0.0433745     -0.0433745      0.0433745     -0.0606220     -0.0433745     -0.0433745     -0.0433745     -0.0606220
   1   2  -1  -1   0  14  37      0.1728614     -0.0262650      0.0922504     -0.0262650      0.1728614      0.0922504      0.0922698      0.0922698      0.0479425
   1   1   0  -1   0  14  11     -1.5718752      0.6610018     -1.6726721     -0.6609495      1.5333713     -0.6609495     -1.6726721      0.6610018     -1.5718752
   1   2   0  -1   0  14  38     -9.3086022      2.2668357     -2.2668357      2.2668357     -9.3086022      2.2668357     -2.2668357      2.2668357     -9.3086022
   1   1   1  -1   0  14  12     -1.5718752      1.6726721     -0.6610018      1.6726721     -1.5718752      0.6610018      0.6609495     -0.6609495      1.5333713
   1   2   1  -1   0  14  39      0.1728614     -0.0922504      0.0262650     -0.0922698      0.0479425      0.0922698      0.0262650      0.0922504      0.1728614
   1   1  -1   0   0  14  13      1.5333713     -0.6609495     -0.6609495      0.6610018     -1.5718752     -1.6726721      0.6610018     -1.6726721     -1.5718752
   1   2  -1   0   0  14  40     -9.3086022      2.2668357      2.2668357      2.2668357     -9.3086022     -2.2668357      2.2668357     -2.2668357     -9.3086022
   1   1   0   0   0  14  14     44.7170609     -0.0000000     -0.0000000     -0.0000000     44.7170609      0.0000000     -0.0000000     -0.0000000     44.7170609
   1   2   0   0   0  14  41     -9.3086022     -2.2668357     -2.2668357     -2.2668357     -9.3086022     -2.2668357     -2.2668357     -2.2668357     -9.3086022
   1   1   1   0   0  14  15      1.5333713      0.6609495      0.6609495     -0.6610018     -1.5718752     -1.6726721     -0.6610018     -1.6726721     -1.5718752
   1   2   1   0   0  14  42     -0.6535654      0.0000000     -0.0000000     -0.0000000     -0.1430530     -0.1601830      0.0000000     -0.1601830     -0.1430530
   1   1  -1   1   0  14  16     -1.5718752      1.6726721      0.6610018      1.6726721     -1.5718752     -0.6610018     -0.6609495      0.6609495      1.5333713
   1   2  -1   1   0  14  43      0.0479425     -0.0922698      0.0922698     -0.0922504      0.1728614      0.0262650      0.0922504      0.0262650      0.1728614
   1   1   0   1   0  14  17     -1.5718752     -0.6610018     -1.6726721      0.6609495      1.5333713      0.6609495     -1.6726721     -0.6610018     -1.5718752
   1   2   0   1   0  14  44     -0.1430530      0.0000000     -0.1601830     -0.0000000     -0.6535654     -0.0000000     -0.1601830      0.0000000     -0.1430530
   1   1   1   1   0  14  18     -0.0606132      0.0433532     -0.0433532      0.0433532     -0.0606132     -0.0433532     -0.0433532     -0.0433532     -0.0606132
   1   2   1   1   0  14  45     -0.1430530      0.1601830     -0.0000000      0.1601830     -0.1430530      0.0000000     -0.0000000      0.0000000     -0.6535654
   1   1  -1  -1   1  14  19     -0.0667788      0.0000007      0.0000000      0.0000007     -0.0667788     -0.0000000      0.0000000      0.0000000     -0.1156735
   1   2  -1  -1   1  14  46      0.1728614     -0.0262650     -0.0922504     -0.0262650      0.1728614     -0.0922504     -0.0922698     -0.0922698      0.0479425
   1   1   0  -1   1  14  20      1.5333713     -0.6609495      0.6609495      0.6610018     -1.5718752      1.6726721     -0.6610018      1.6726721     -1.5718752
   1   2   0  -1   1  14  47      0.1728614      0.0922504      0.0262650      0.0922698      0.0479425     -0.0922698      0.0262650     -0.0922504      0.1728614
   1   1   1  -1   1  14  21     -0.0667788     -0.0000000     -0.0000007      0.0000000     -0.1156735     -0.0000000     -0.0000007      0.0000000     -0.0667788
   1   2   1  -1   1  14  48      0.0482512     -0.0193410      0.0193410     -0.0193410      0.0482512     -0.0193410      0.0193410     -0.0193410      0.0482512
   1   1  -1   0   1  14  22     -1.5718752      0.6610018      1.6726721     -0.6609495      1.5333713      0.6609495      1.6726721     -0.6610018     -1.5718752
   1   2  -1   0   1  14  49      0.0479425      0.0922698     -0.0922698      0.0922504      0.1728614      0.0262650     -0.0922504      0.0262650      0.1728614
   1   1   0   0   1  14  23     -1.5718752     -1.6726721     -0.6610018     -1.6726721     -1.5718752     -0.6610018      0.6609495      0.6609495      1.5333713
   1   2   0   0   1  14  50     -0.1430530     -0.1601830      0.0000000     -0.1601830     -0.1430530     -0.0000000      0.0000000      0.0000000     -0.6535654
   1   1   1   0   1  14  24     -0.0606132     -0.0433532      0.0433532     -0.0433532     -0.0606132     -0.0433532      0.0433532     -0.0433532     -0.0606132
   1   2   1   0   1  14  51     -0.1430530      0.0000000      0.1601830     -0.0000000     -0.6535654     -0.0000000      0.1601830      0.0000000     -0.1430530
   1   1  -1   1   1  14  25     -0.1156735      0.0000000     -0.0000000     -0.0000000     -0.0667788     -0.0000007      0.0000000     -0.0000007     -0.0667788
   1   2  -1   1   1  14  52      0.0482512     -0.0193410     -0.0193410     -0.0193410      0.0482512      0.0193410     -0.0193410      0.0193410      0.0482512
   1   1   0   1   1  14  26     -0.0606132     -0.0433532     -0.0433532     -0.0433532     -0.0606132      0.0433532     -0.0433532      0.0433532     -0.0606132
   1   2   0   1   1  14  53     -0.6535654      0.0000000     -0.0000000     -0.0000000     -0.1430530      0.1601830      0.0000000      0.1601830     -0.1430530
   1   1   1   1   1  14  27     -0.0606132      0.0433532      0.0433532      0.0433532     -0.0606132      0.0433532      0.0433532      0.0433532     -0.0606132
   1   2   1   1   1  14  54      0.0482512      0.0193410      0.0193410      0.0193410      0.0482512      0.0193410      0.0193410      0.0193410      0.0482512
   2   1  -1  -1  -1  41   1      0.0482512      0.0193410      0.0193410      0.0193410      0.0482512      0.0193410      0.0193410      0.0193410      0.0482512
   2   2  -1  -1  -1  41  28     -0.0606132      0.0433532      0.0433532      0.0433532     -0.0606132      0.0433532      0.0433532      0.0433532     -0.0606132
   2   1   0  -1  -1  41   2     -0.6535654      0.0000000     -0.0000000      0.0000000     -0.1430530      0.1601830     -0.0000000      0.1601830     -0.1430530
   2   2   0  -1  -1  41  29     -0.0606132     -0.0433532     -0.0433532     -0.0433532     -0.0606132      0.0433532     -0.0433532      0.0433532     -0.0606132
   2   1   1  -1  -1  41   3      0.0482512     -0.0193410     -0.0193410     -0.0193410      0.0482512      0.0193410     -0.0193410      0.0193410      0.0482512
   2   2   1  -1  -1  41  30     -0.1156735      0.0000000      0.0000000     -0.0000000     -0.0667788     -0.0000007      0.0000000     -0.0000007     -0.0667788
   2   1  -1   0  -1  41   4     -0.1430530      0.0000000      0.1601830      0.0000000     -0.6535654     -0.0000000      0.1601830      0.0000000     -0.1430530
   2   2  -1   0  -1  41  31     -0.0606132     -0.0433532      0.0433532     -0.0433532     -0.0606132     -0.0433532      0.0433532     -0.0433532     -0.0606132
   2   1   0   0  -1  41   5     -0.1430530     -0.1601830      0.0000000     -0.1601830     -0.1430530     -0.0000000      0.0000000      0.0000000     -0.6535654
   2   2   0   0  -1  41  32     -1.5718752     -1.6726721     -0.6610018     -1.6726721     -1.5718752     -0.6610018      0.6609495      0.6609495      1.5333713
   2   1   1   0  -1  41   6      0.0479425      0.0922698     -0.0922698      0.0922504      0.1728614      0.0262650     -0.0922504      0.0262650      0.1728614
   2   2   1   0  -1  41  33     -1.5718752      0.6610018      1.6726721     -0.6609495      1.5333713      0.6609495      1.6726721     -0.6610018     -1.5718752
   2   1  -1   1  -1  41   7      0.0482512     -0.0193410      0.0193410     -0.0193410      0.0482512     -0.0193410      0.0193410     -0.0193410      0.0482512
   2   2  -1   1  -1  41  34     -0.0667788      0.0000000     -0.0000007     -0.0000000     -0.1156735      0.0000000     -0.0000007     -0.0000000     -0.0667788
   2   1   0   1  -1  41   8      0.1728614      0.0922504      0.0262650      0.0922698      0.0479425     -0.0922698      0.0262650     -0.0922504      0.1728614
   2   2   0   1  -1  41  35      1.5333713     -0.6609495      0.6609495      0.6610018     -1.5718752      1.6726721     -0.6610018      1.6726721     -1.5718752
   2   1   1   1  -1  41   9      0.1728614     -0.0262650     -0.0922504     -0.0262650      0.1728614     -0.0922504     -0.0922698     -0.0922698      0.0479425
   2   2   1   1  -1  41  36     -0.0667788      0.0000007      0.0000000      0.0000007     -0.0667788      0.0000000      0.0000000      0.0000000     -0.1156735
   2   1  -1  -1   0  41  10     -0.1430530      0.1601830      0.0000000      0.1601830     -0.1430530     -0.0000000     -0.0000000     -0.0000000     -0.6535654
   2   2  -1  -1   0  41  37     -0.0606132      0.0433532     -0.0433532      0.0433532     -0.0606132     -0.0433532     -0.0433532     -0.0433532     -0.0606132
   2   1   0  -1   0  41  11     -0.1430530      0.0000000     -0.1601830     -0.0000000     -0.6535654     -0.0000000     -0.1601830      0.0000000     -0.1430530
   2   2   0  -1   0  41  38     -1.5718752     -0.6610018     -1.6726721      0.6609495      1.5333713      0.6609495     -1.6726721     -0.6610018     -1.5718752
   2   1   1  -1   0  41  12      0.0479425     -0.0922698      0.0922698     -0.0922504      0.1728614      0.0262650      0.0922504      0.0262650      0.1728614
   2   2   1  -1   0  41  39     -1.5718752      1.6726721      0.6610018      1.6726721     -1.5718752     -0.6610018     -0.6609495      0.6609495      1.5333713
   2   1  -1   0   0  41  13     -0.6535654      0.0000000      0.0000000     -0.0000000     -0.1430530     -0.1601830     -0.0000000     -0.1601830     -0.1430530
   2   2  -1   0   0  41  40      1.5333713      0.6609495      0.6609495     -0.6610018     -1.5718752     -1.6726721     -0.6610018     -1.6726721     -1.5718752
   2   1   0   0   0  41  14     -9.3086022     -2.2668357     -2.2668357     -2.2668357     -9.3086022     -2.2668357     -2.2668357     -2.2668357     -9.3086022
   2   2   0   0   0  41  41     44.7170609     -0.0000000     -0.0000000      0.0000000     44.7170609      0.0000000     -0.0000000     -0.0000000     44.7170609
   2   1   1   0   0  41  15     -9.3086022      2.2668357      2.2668357      2.2668357     -9.3086022     -2.2668357      2.2668357     -2.2668357     -9.3086022
   2   2   1   0   0  41  42      1.5333713     -0.6609495     -0.6609495      0.6610018     -1.5718752     -1.6726721      0.6610018     -1.6726721     -1.5718752
   2   1  -1   1   0  41  16      0.1728614     -0.0922504      0.0262650     -0.0922698      0.0479425      0.0922698      0.0262650      0.0922504      0.1728614
   2   2  -1   1   0  41  43     -1.5718752      1.6726721     -0.6610018      1.6726721     -1.5718752      0.6610018      0.6609495     -0.6609495      1.5333713
   2   1   0   1   0  41  17     -9.3086022      2.2668357     -2.2668357      2.2668357     -9.3086022      2.2668357     -2.2668357      2.2668357     -9.3086022
   2   2   0   1   0  41  44     -1.5718752      0.6610018     -1.6726721     -0.6609495      1.5333713     -0.6609495     -1.6726721      0.6610018     -1.5718752
   2   1   1   1   0  41  18      0.1728614     -0.0262650      0.0922504     -0.0262650      0.1728614      0.0922504      0.0922698      0.0922698      0.0479425
   2   2   1   1   0  41  45     -0.0606220      0.0433745     -0.0433745      0.0433745     -0.0606220     -0.0433745     -0.0433745     -0.0433745     -0.0606220
   2   1  -1  -1   1  41  19      0.0482512      0.0193410     -0.0193410      0.0193410      0.0482512     -0.0193410     -0.0193410     -0.0193410      0.0482512
   2   2  -1  -1   1  41  46     -0.0667788     -0.0000007      0.0000000     -0.0000007     -0.0667788     -0.0000000     -0.0000000      0.0000000     -0.1156735
   2   1   0  -1   1  41  20      0.1728614      0.0262650      0.0922504      0.0262650      0.1728614     -0.0922504      0.0922698     -0.0922698      0.0479425
   2   2   0  -1   1  41  47      1.5333713      0.6609495     -0.6609495     -0.6610018     -1.5718752      1.6726721      0.6610018      1.6726721     -1.5718752
   2   1   1  -1   1  41  21      0.1728614     -0.0922504     -0.0262650     -0.0922698      0.0479425     -0.0922698     -0.0262650     -0.0922504      0.1728614
   2   2   1  -1   1  41  48     -0.0667788      0.0000000      0.0000007     -0.0000000     -0.1156735     -0.0000000      0.0000007      0.0000000     -0.0667788
   2   1  -1   0   1  41  22      0.1728614      0.0262650     -0.0922504      0.0262650      0.1728614      0.0922504     -0.0922698      0.0922698      0.0479425
   2   2  -1   0   1  41  49     -1.5718752     -0.6610018      1.6726721      0.6609495      1.5333713     -0.6609495      1.6726721      0.6610018     -1.5718752
   2   1   0   0   1  41  23     -9.3086022     -2.2668357      2.2668357     -2.2668357     -9.3086022      2.2668357      2.2668357      2.2668357     -9.3086022
   2   2   0   0   1  41  50     -1.5718752     -1.6726721      0.6610018     -1.6726721     -1.5718752      0.6610018     -0.6609495     -0.6609495      1.5333713
   2   1   1   0   1  41  24      0.1728614      0.0922504     -0.0262650      0.0922698      0.0479425      0.0922698     -0.0262650      0.0922504      0.1728614
   2   2   1   0   1  41  51     -0.0606220     -0.0433745      0.0433745     -0.0433745     -0.0606220     -0.0433745      0.0433745     -0.0433745     -0.0606220
   2   1  -1   1   1  41  25      0.0479425     -0.0922698     -0.0922698     -0.0922504      0.1728614     -0.0262650     -0.0922504     -0.0262650      0.1728614
   2   2  -1   1   1  41  52     -0.1156735      0.0000000      0.0000000     -0.0000000     -0.0667788      0.0000007      0.0000000      0.0000007     -0.0667788
   2   1   0   1   1  41  26      0.0479425      0.0922698      0.0922698      0.0922504      0.1728614     -0.0262650      0.0922504     -0.0262650      0.1728614
   2   2   0   1   1  41  53     -0.0606220     -0.0433745     -0.0433745     -0.0433745     -0.0606220      0.0433745     -0.0433745      0.0433745     -0.0606220
   2   1   1   1   1  41  27      0.0539423     -0.0000000     -0.0000000      0.0000000      0.0539423      0.0000000     -0.0000000      0.0000000      0.0539423
   2   2   1   1   1  41  54     -0.0606220      0.0433745      0.0433745      0.0433745     -0.0606220      0.0433745      0.0433745      0.0433745     -0.0606220
