   1   1  -1  -1  -1     -0.0606220      0.0433745      0.0433745      0.0433745     -0.0606220      0.0433745      0.0433745      0.0433745     -0.0606220
   1   2  -1  -1  -1      0.0539423     -0.0000000     -0.0000000      0.0000000      0.0539423      0.0000000     -0.0000000     -0.0000000      0.0539423
   1   1   0  -1  -1     -0.0606220     -0.0433745     -0.0433745     -0.0433745     -0.0606220      0.0433745     -0.0433745      0.0433745     -0.0606220
   1   2   0  -1  -1      0.0479425      0.0922698      0.0922698      0.0922504      0.1728614     -0.0262650      0.0922504     -0.0262650      0.1728614
   1   1   1  -1  -1     -0.1156735      0.0000000      0.0000000      0.0000000     -0.0667788      0.0000007      0.0000000      0.0000007     -0.0667788
   1   2   1  -1  -1      0.0479425     -0.0922698     -0.0922698     -0.0922504      0.1728614     -0.0262650     -0.0922504     -0.0262650      0.1728614
   1   1  -1   0  -1     -0.0606220     -0.0433745      0.0433745     -0.0433745     -0.0606220     -0.0433745      0.0433745     -0.0433745     -0.0606220
   1   2  -1   0  -1      0.1728614      0.0922504     -0.0262650      0.0922698      0.0479425      0.0922698     -0.0262650      0.0922504      0.1728614
   1   1   0   0  -1     -1.5718752     -1.6726721      0.6610018     -1.6726721     -1.5718752      0.6610018     -0.6609495     -0.6609495      1.5333713
   1   2   0   0  -1     -9.3086022     -2.2668357      2.2668357     -2.2668357     -9.3086022      2.2668357      2.2668357      2.2668357     -9.3086022
   1   1   1   0  -1     -1.5718752     -0.6610018      1.6726721      0.6609495      1.5333713     -0.6609495      1.6726721      0.6610018     -1.5718752
   1   2   1   0  -1      0.1728614      0.0262650     -0.0922504      0.0262650      0.1728614      0.0922504     -0.0922698      0.0922698      0.0479425
   1   1  -1   1  -1     -0.0667788      0.0000000      0.0000007      0.0000000     -0.1156735     -0.0000000      0.0000007      0.0000000     -0.0667788
   1   2  -1   1  -1      0.1728614     -0.0922504     -0.0262650     -0.0922698      0.0479425     -0.0922698     -0.0262650     -0.0922504      0.1728614
   1   1   0   1  -1      1.5333713      0.6609495     -0.6609495     -0.6610018     -1.5718752      1.6726721      0.6610018      1.6726721     -1.5718752
   1   2   0   1  -1      0.1728614      0.0262650      0.0922504      0.0262650      0.1728614     -0.0922504      0.0922698     -0.0922698      0.0479425
   1   1   1   1  -1     -0.0667788     -0.0000007      0.0000000     -0.0000007     -0.0667788     -0.0000000      0.0000000      0.0000000     -0.1156735
   1   2   1   1  -1      0.0482512      0.0193410     -0.0193410      0.0193410      0.0482512     -0.0193410     -0.0193410     -0.0193410      0.0482512
   1   1  -1  -1   0     -0.0606220      0.0433745     -0.0433745      0.0433745     -0.0606220     -0.0433745     -0.0433745     -0.0433745     -0.0606220
   1   2  -1  -1   0      0.1728614     -0.0262650      0.0922504     -0.0262650      0.1728614      0.0922504      0.0922698      0.0922698      0.0479425
   1   1   0  -1   0     -1.5718752      0.6610018     -1.6726721     -0.6609495      1.5333713     -0.6609495     -1.6726721      0.6610018     -1.5718752
   1   2   0  -1   0     -9.3086022      2.2668357     -2.2668357      2.2668357     -9.3086022      2.2668357     -2.2668357      2.2668357     -9.3086022
   1   1   1  -1   0     -1.5718752      1.6726721     -0.6610018      1.6726721     -1.5718752      0.6610018      0.6609495     -0.6609495      1.5333713
   1   2   1  -1   0      0.1728614     -0.0922504      0.0262650     -0.0922698      0.0479425      0.0922698      0.0262650      0.0922504      0.1728614
   1   1  -1   0   0      1.5333713     -0.6609495     -0.6609495      0.6610018     -1.5718752     -1.6726721      0.6610018     -1.6726721     -1.5718752
   1   2  -1   0   0     -9.3086022      2.2668357      2.2668357      2.2668357     -9.3086022     -2.2668357      2.2668357     -2.2668357     -9.3086022
   1   1   0   0   0     44.7170609     -0.0000000     -0.0000000     -0.0000000     44.7170609      0.0000000     -0.0000000     -0.0000000     44.7170609
   1   2   0   0   0     -9.3086022     -2.2668357     -2.2668357     -2.2668357     -9.3086022     -2.2668357     -2.2668357     -2.2668357     -9.3086022
   1   1   1   0   0      1.5333713      0.6609495      0.6609495     -0.6610018     -1.5718752     -1.6726721     -0.6610018     -1.6726721     -1.5718752
   1   2   1   0   0     -0.6535654      0.0000000     -0.0000000     -0.0000000     -0.1430530     -0.1601830      0.0000000     -0.1601830     -0.1430530
   1   1  -1   1   0     -1.5718752      1.6726721      0.6610018      1.6726721     -1.5718752     -0.6610018     -0.6609495      0.6609495      1.5333713
   1   2  -1   1   0      0.0479425     -0.0922698      0.0922698     -0.0922504      0.1728614      0.0262650      0.0922504      0.0262650      0.1728614
   1   1   0   1   0     -1.5718752     -0.6610018     -1.6726721      0.6609495      1.5333713      0.6609495     -1.6726721     -0.6610018     -1.5718752
   1   2   0   1   0     -0.1430530      0.0000000     -0.1601830     -0.0000000     -0.6535654     -0.0000000     -0.1601830      0.0000000     -0.1430530
   1   1   1   1   0     -0.0606132      0.0433532     -0.0433532      0.0433532     -0.0606132     -0.0433532     -0.0433532     -0.0433532     -0.0606132
   1   2   1   1   0     -0.1430530      0.1601830     -0.0000000      0.1601830     -0.1430530      0.0000000     -0.0000000      0.0000000     -0.6535654
   1   1  -1  -1   1     -0.0667788      0.0000007      0.0000000      0.0000007     -0.0667788     -0.0000000      0.0000000      0.0000000     -0.1156735
   1   2  -1  -1   1      0.1728614     -0.0262650     -0.0922504     -0.0262650      0.1728614     -0.0922504     -0.0922698     -0.0922698      0.0479425
   1   1   0  -1   1      1.5333713     -0.6609495      0.6609495      0.6610018     -1.5718752      1.6726721     -0.6610018      1.6726721     -1.5718752
   1   2   0  -1   1      0.1728614      0.0922504      0.0262650      0.0922698      0.0479425     -0.0922698      0.0262650     -0.0922504      0.1728614
   1   1   1  -1   1     -0.0667788     -0.0000000     -0.0000007      0.0000000     -0.1156735     -0.0000000     -0.0000007      0.0000000     -0.0667788
   1   2   1  -1   1      0.0482512     -0.0193410      0.0193410     -0.0193410      0.0482512     -0.0193410      0.0193410     -0.0193410      0.0482512
   1   1  -1   0   1     -1.5718752      0.6610018      1.6726721     -0.6609495      1.5333713      0.6609495      1.6726721     -0.6610018     -1.5718752
   1   2  -1   0   1      0.0479425      0.0922698     -0.0922698      0.0922504      0.1728614      0.0262650     -0.0922504      0.0262650      0.1728614
   1   1   0   0   1     -1.5718752     -1.6726721     -0.6610018     -1.6726721     -1.5718752     -0.6610018      0.6609495      0.6609495      1.5333713
   1   2   0   0   1     -0.1430530     -0.1601830      0.0000000     -0.1601830     -0.1430530     -0.0000000      0.0000000      0.0000000     -0.6535654
   1   1   1   0   1     -0.0606132     -0.0433532      0.0433532     -0.0433532     -0.0606132     -0.0433532      0.0433532     -0.0433532     -0.0606132
   1   2   1   0   1     -0.1430530      0.0000000      0.1601830     -0.0000000     -0.6535654     -0.0000000      0.1601830      0.0000000     -0.1430530
   1   1  -1   1   1     -0.1156735      0.0000000     -0.0000000     -0.0000000     -0.0667788     -0.0000007      0.0000000     -0.0000007     -0.0667788
   1   2  -1   1   1      0.0482512     -0.0193410     -0.0193410     -0.0193410      0.0482512      0.0193410     -0.0193410      0.0193410      0.0482512
   1   1   0   1   1     -0.0606132     -0.0433532     -0.0433532     -0.0433532     -0.0606132      0.0433532     -0.0433532      0.0433532     -0.0606132
   1   2   0   1   1     -0.6535654      0.0000000     -0.0000000     -0.0000000     -0.1430530      0.1601830      0.0000000      0.1601830     -0.1430530
   1   1   1   1   1     -0.0606132      0.0433532      0.0433532      0.0433532     -0.0606132      0.0433532      0.0433532      0.0433532     -0.0606132
   1   2   1   1   1      0.0482512      0.0193410      0.0193410      0.0193410      0.0482512      0.0193410      0.0193410      0.0193410      0.0482512
   2   1  -1  -1  -1      0.0482512      0.0193410      0.0193410      0.0193410      0.0482512      0.0193410      0.0193410      0.0193410      0.0482512
   2   2  -1  -1  -1     -0.0606132      0.0433532      0.0433532      0.0433532     -0.0606132      0.0433532      0.0433532      0.0433532     -0.0606132
   2   1   0  -1  -1     -0.6535654      0.0000000     -0.0000000      0.0000000     -0.1430530      0.1601830     -0.0000000      0.1601830     -0.1430530
   2   2   0  -1  -1     -0.0606132     -0.0433532     -0.0433532     -0.0433532     -0.0606132      0.0433532     -0.0433532      0.0433532     -0.0606132
   2   1   1  -1  -1      0.0482512     -0.0193410     -0.0193410     -0.0193410      0.0482512      0.0193410     -0.0193410      0.0193410      0.0482512
   2   2   1  -1  -1     -0.1156735      0.0000000      0.0000000     -0.0000000     -0.0667788     -0.0000007      0.0000000     -0.0000007     -0.0667788
   2   1  -1   0  -1     -0.1430530      0.0000000      0.1601830      0.0000000     -0.6535654     -0.0000000      0.1601830      0.0000000     -0.1430530
   2   2  -1   0  -1     -0.0606132     -0.0433532      0.0433532     -0.0433532     -0.0606132     -0.0433532      0.0433532     -0.0433532     -0.0606132
   2   1   0   0  -1     -0.1430530     -0.1601830      0.0000000     -0.1601830     -0.1430530     -0.0000000      0.0000000      0.0000000     -0.6535654
   2   2   0   0  -1     -1.5718752     -1.6726721     -0.6610018     -1.6726721     -1.5718752     -0.6610018      0.6609495      0.6609495      1.5333713
   2   1   1   0  -1      0.0479425      0.0922698     -0.0922698      0.0922504      0.1728614      0.0262650     -0.0922504      0.0262650      0.1728614
   2   2   1   0  -1     -1.5718752      0.6610018      1.6726721     -0.6609495      1.5333713      0.6609495      1.6726721     -0.6610018     -1.5718752
   2   1  -1   1  -1      0.0482512     -0.0193410      0.0193410     -0.0193410      0.0482512     -0.0193410      0.0193410     -0.0193410      0.0482512
   2   2  -1   1  -1     -0.0667788      0.0000000     -0.0000007     -0.0000000     -0.1156735      0.0000000     -0.0000007     -0.0000000     -0.0667788
   2   1   0   1  -1      0.1728614      0.0922504      0.0262650      0.0922698      0.0479425     -0.0922698      0.0262650     -0.0922504      0.1728614
   2   2   0   1  -1      1.5333713     -0.6609495      0.6609495      0.6610018     -1.5718752      1.6726721     -0.6610018      1.6726721     -1.5718752
   2   1   1   1  -1      0.1728614     -0.0262650     -0.0922504     -0.0262650      0.1728614     -0.0922504     -0.0922698     -0.0922698      0.0479425
   2   2   1   1  -1     -0.0667788      0.0000007      0.0000000      0.0000007     -0.0667788      0.0000000      0.0000000      0.0000000     -0.1156735
   2   1  -1  -1   0     -0.1430530      0.1601830      0.0000000      0.1601830     -0.1430530     -0.0000000     -0.0000000     -0.0000000     -0.6535654
   2   2  -1  -1   0     -0.0606132      0.0433532     -0.0433532      0.0433532     -0.0606132     -0.0433532     -0.0433532     -0.0433532     -0.0606132
   2   1   0  -1   0     -0.1430530      0.0000000     -0.1601830     -0.0000000     -0.6535654     -0.0000000     -0.1601830      0.0000000     -0.1430530
   2   2   0  -1   0     -1.5718752     -0.6610018     -1.6726721      0.6609495      1.5333713      0.6609495     -1.6726721     -0.6610018     -1.5718752
   2   1   1  -1   0      0.0479425     -0.0922698      0.0922698     -0.0922504      0.1728614      0.0262650      0.0922504      0.0262650      0.1728614
   2   2   1  -1   0     -1.5718752      1.6726721      0.6610018      1.6726721     -1.5718752     -0.6610018     -0.6609495      0.6609495      1.5333713
   2   1  -1   0   0     -0.6535654      0.0000000      0.0000000     -0.0000000     -0.1430530     -0.1601830     -0.0000000     -0.1601830     -0.1430530
   2   2  -1   0   0      1.5333713      0.6609495      0.6609495     -0.6610018     -1.5718752     -1.6726721     -0.6610018     -1.6726721     -1.5718752
   2   1   0   0   0     -9.3086022     -2.2668357     -2.2668357     -2.2668357     -9.3086022     -2.2668357     -2.2668357     -2.2668357     -9.3086022
   2   2   0   0   0     44.7170609     -0.0000000     -0.0000000      0.0000000     44.7170609      0.0000000     -0.0000000     -0.0000000     44.7170609
   2   1   1   0   0     -9.3086022      2.2668357      2.2668357      2.2668357     -9.3086022     -2.2668357      2.2668357     -2.2668357     -9.3086022
   2   2   1   0   0      1.5333713     -0.6609495     -0.6609495      0.6610018     -1.5718752     -1.6726721      0.6610018     -1.6726721     -1.5718752
   2   1  -1   1   0      0.1728614     -0.0922504      0.0262650     -0.0922698      0.0479425      0.0922698      0.0262650      0.0922504      0.1728614
   2   2  -1   1   0     -1.5718752      1.6726721     -0.6610018      1.6726721     -1.5718752      0.6610018      0.6609495     -0.6609495      1.5333713
   2   1   0   1   0     -9.3086022      2.2668357     -2.2668357      2.2668357     -9.3086022      2.2668357     -2.2668357      2.2668357     -9.3086022
   2   2   0   1   0     -1.5718752      0.6610018     -1.6726721     -0.6609495      1.5333713     -0.6609495     -1.6726721      0.6610018     -1.5718752
   2   1   1   1   0      0.1728614     -0.0262650      0.0922504     -0.0262650      0.1728614      0.0922504      0.0922698      0.0922698      0.0479425
   2   2   1   1   0     -0.0606220      0.0433745     -0.0433745      0.0433745     -0.0606220     -0.0433745     -0.0433745     -0.0433745     -0.0606220
   2   1  -1  -1   1      0.0482512      0.0193410     -0.0193410      0.0193410      0.0482512     -0.0193410     -0.0193410     -0.0193410      0.0482512
   2   2  -1  -1   1     -0.0667788     -0.0000007      0.0000000     -0.0000007     -0.0667788     -0.0000000     -0.0000000      0.0000000     -0.1156735
   2   1   0  -1   1      0.1728614      0.0262650      0.0922504      0.0262650      0.1728614     -0.0922504      0.0922698     -0.0922698      0.0479425
   2   2   0  -1   1      1.5333713      0.6609495     -0.6609495     -0.6610018     -1.5718752      1.6726721      0.6610018      1.6726721     -1.5718752
   2   1   1  -1   1      0.1728614     -0.0922504     -0.0262650     -0.0922698      0.0479425     -0.0922698     -0.0262650     -0.0922504      0.1728614
   2   2   1  -1   1     -0.0667788      0.0000000      0.0000007     -0.0000000     -0.1156735     -0.0000000      0.0000007      0.0000000     -0.0667788
   2   1  -1   0   1      0.1728614      0.0262650     -0.0922504      0.0262650      0.1728614      0.0922504     -0.0922698      0.0922698      0.0479425
   2   2  -1   0   1     -1.5718752     -0.6610018      1.6726721      0.6609495      1.5333713     -0.6609495      1.6726721      0.6610018     -1.5718752
   2   1   0   0   1     -9.3086022     -2.2668357      2.2668357     -2.2668357     -9.3086022      2.2668357      2.2668357      2.2668357     -9.3086022
   2   2   0   0   1     -1.5718752     -1.6726721      0.6610018     -1.6726721     -1.5718752      0.6610018     -0.6609495     -0.6609495      1.5333713
   2   1   1   0   1      0.1728614      0.0922504     -0.0262650      0.0922698      0.0479425      0.0922698     -0.0262650      0.0922504      0.1728614
   2   2   1   0   1     -0.0606220     -0.0433745      0.0433745     -0.0433745     -0.0606220     -0.0433745      0.0433745     -0.0433745     -0.0606220
   2   1  -1   1   1      0.0479425     -0.0922698     -0.0922698     -0.0922504      0.1728614     -0.0262650     -0.0922504     -0.0262650      0.1728614
   2   2  -1   1   1     -0.1156735      0.0000000      0.0000000     -0.0000000     -0.0667788      0.0000007      0.0000000      0.0000007     -0.0667788
   2   1   0   1   1      0.0479425      0.0922698      0.0922698      0.0922504      0.1728614     -0.0262650      0.0922504     -0.0262650      0.1728614
   2   2   0   1   1     -0.0606220     -0.0433745     -0.0433745     -0.0433745     -0.0606220      0.0433745     -0.0433745      0.0433745     -0.0606220
   2   1   1   1   1      0.0539423     -0.0000000     -0.0000000      0.0000000      0.0539423      0.0000000     -0.0000000      0.0000000      0.0539423
   2   2   1   1   1     -0.0606220      0.0433745      0.0433745      0.0433745     -0.0606220      0.0433745      0.0433745      0.0433745     -0.0606220
