1 1 1 1 -1 -1 -1 1.970049732 0.866
1 1 1 2 -1 -1 -1 1.947329604 0.866
1 1 2 1 -1 -1 -1 1.947329604 0.866
1 1 2 2 -1 -1 -1 1.238957583 0.866
1 1 1 1 -1 0 0 1.970049732 0.866
1 1 1 2 -1 0 0 1.947329604 0.866
1 1 2 1 -1 0 0 1.947329604 0.866
1 1 2 2 -1 0 0 1.238957583 0.866
1 1 1 1 0 -1 0 1.970049732 0.866
1 1 1 2 0 -1 0 1.947329604 0.866
1 1 2 1 0 -1 0 1.947329604 0.866
1 1 2 2 0 -1 0 1.238957583 0.866
1 1 1 1 0 0 1 1.970049732 0.866
1 1 1 2 0 0 1 1.947329604 0.866
1 1 2 1 0 0 1 1.947329604 0.866
1 1 2 2 0 0 1 1.238957583 0.866
1 1 1 1 0 0 -1 1.970049732 0.866
1 1 1 2 0 0 -1 1.947329604 0.866
1 1 2 1 0 0 -1 1.947329604 0.866
1 1 2 2 0 0 -1 1.238957583 0.866
1 1 1 1 0 1 0 1.970049732 0.866
1 1 1 2 0 1 0 1.947329604 0.866
1 1 2 1 0 1 0 1.947329604 0.866
1 1 2 2 0 1 0 1.238957583 0.866
1 1 1 1 1 0 0 1.970049732 0.866
1 1 1 2 1 0 0 1.947329604 0.866
1 1 2 1 1 0 0 1.947329604 0.866
1 1 2 2 1 0 0 1.238957583 0.866
1 1 1 1 1 1 1 1.970049732 0.866
1 1 1 2 1 1 1 1.947329604 0.866
1 1 2 1 1 1 1 1.947329604 0.866
1 1 2 2 1 1 1 1.238957583 0.866
1 1 1 1 -1 -1 0 0.115941234 1.000
1 1 1 2 -1 -1 0 0.092393679 1.000
1 1 2 1 -1 -1 0 0.092393679 1.000
1 1 2 2 -1 -1 0 0.123801568 1.000
1 1 1 1 -1 0 -1 0.117546442 1.000
1 1 1 2 -1 0 -1 0.094122365 1.000
1 1 2 1 -1 0 -1 0.094122365 1.000
1 1 2 2 -1 0 -1 0.124579841 1.000
1 1 1 1 0 -1 -1 0.116522612 1.000
1 1 1 2 0 -1 -1 0.094006193 1.000
1 1 2 1 0 -1 -1 0.094006193 1.000
1 1 2 2 0 -1 -1 0.125134091 1.000
1 1 1 1 0 1 1 0.116522612 1.000
1 1 1 2 0 1 1 0.094006193 1.000
1 1 2 1 0 1 1 0.094006193 1.000
1 1 2 2 0 1 1 0.125134091 1.000
1 1 1 1 1 0 1 0.117546442 1.000
1 1 1 2 1 0 1 0.094122365 1.000
1 1 2 1 1 0 1 0.094122365 1.000
1 1 2 2 1 0 1 0.124579841 1.000
1 1 1 1 1 1 0 0.115941234 1.000
1 1 1 2 1 1 0 0.092393679 1.000
1 1 2 1 1 1 0 0.092393679 1.000
1 1 2 2 1 1 0 0.123801568 1.000
1 1 1 1 -2 -1 -1 0.091999310 1.414
1 1 1 2 -2 -1 -1 0.070884489 1.414
1 1 2 1 -2 -1 -1 0.070884489 1.414
1 1 2 2 -2 -1 -1 0.043578232 1.414
1 1 1 1 -1 -2 -1 0.092196114 1.414
1 1 1 2 -1 -2 -1 0.071091059 1.414
1 1 2 1 -1 -2 -1 0.071091059 1.414
1 1 2 2 -1 -2 -1 0.043836252 1.414
1 1 1 1 -1 0 1 0.092196114 1.414
1 1 1 2 -1 0 1 0.071091059 1.414
1 1 2 1 -1 0 1 0.071091059 1.414
1 1 2 2 -1 0 1 0.043836252 1.414
1 1 1 1 0 -1 1 0.091999310 1.414
1 1 1 2 0 -1 1 0.070884489 1.414
1 1 2 1 0 -1 1 0.070884489 1.414
1 1 2 2 0 -1 1 0.043578232 1.414
1 1 1 1 -1 -1 -2 0.092049574 1.414
1 1 1 2 -1 -1 -2 0.071355396 1.414
1 1 2 1 -1 -1 -2 0.071355396 1.414
1 1 2 2 -1 -1 -2 0.044306953 1.414
1 1 1 1 -1 1 0 0.092049574 1.414
1 1 1 2 -1 1 0 0.071355395 1.414
1 1 2 1 -1 1 0 0.071355395 1.414
1 1 2 2 -1 1 0 0.044306953 1.414
1 1 1 1 1 -1 0 0.092049574 1.414
1 1 1 2 1 -1 0 0.071355395 1.414
1 1 2 1 1 -1 0 0.071355395 1.414
1 1 2 2 1 -1 0 0.044306953 1.414
1 1 1 1 1 1 2 0.092049574 1.414
1 1 1 2 1 1 2 0.071355396 1.414
1 1 2 1 1 1 2 0.071355396 1.414
1 1 2 2 1 1 2 0.044306953 1.414
1 1 1 1 0 1 -1 0.091999310 1.414
1 1 1 2 0 1 -1 0.070884489 1.414
1 1 2 1 0 1 -1 0.070884489 1.414
1 1 2 2 0 1 -1 0.043578232 1.414
1 1 1 1 1 0 -1 0.092196114 1.414
1 1 1 2 1 0 -1 0.071091059 1.414
1 1 2 1 1 0 -1 0.071091059 1.414
1 1 2 2 1 0 -1 0.043836252 1.414
1 1 1 1 1 2 1 0.092196114 1.414
1 1 1 2 1 2 1 0.071091059 1.414
1 1 2 1 1 2 1 0.071091059 1.414
1 1 2 2 1 2 1 0.043836252 1.414
1 1 1 1 2 1 1 0.091999310 1.414
1 1 1 2 2 1 1 0.070884489 1.414
1 1 2 1 2 1 1 0.070884489 1.414
1 1 2 2 2 1 1 0.043578232 1.414
1 1 1 1 -2 -2 -1 0.043960697 1.658
1 1 1 2 -2 -2 -1 0.105210882 1.658
1 1 2 1 -2 -2 -1 0.105210882 1.658
1 1 2 2 -2 -2 -1 0.117398397 1.658
1 1 1 1 -2 -1 0 0.043960697 1.658
1 1 1 2 -2 -1 0 0.105210882 1.658
1 1 2 1 -2 -1 0 0.105210882 1.658
1 1 2 2 -2 -1 0 0.117398396 1.658
1 1 1 1 -1 -2 0 0.043960697 1.658
1 1 1 2 -1 -2 0 0.105210882 1.658
1 1 2 1 -1 -2 0 0.105210882 1.658
1 1 2 2 -1 -2 0 0.117398396 1.658
1 1 1 1 -1 -1 1 0.043960697 1.658
1 1 1 2 -1 -1 1 0.105210882 1.658
1 1 2 1 -1 -1 1 0.105210882 1.658
1 1 2 2 -1 -1 1 0.117398396 1.658
1 1 1 1 -2 -1 -2 0.044111937 1.658
1 1 1 2 -2 -1 -2 0.105139902 1.658
1 1 2 1 -2 -1 -2 0.105139902 1.658
1 1 2 2 -2 -1 -2 0.117055938 1.658
1 1 1 1 -2 0 -1 0.044111937 1.658
1 1 1 2 -2 0 -1 0.105139902 1.658
1 1 2 1 -2 0 -1 0.105139902 1.658
1 1 2 2 -2 0 -1 0.117055938 1.658
1 1 1 1 -1 -2 -2 0.044275040 1.658
1 1 1 2 -1 -2 -2 0.105150698 1.658
1 1 2 1 -1 -2 -2 0.105150698 1.658
1 1 2 2 -1 -2 -2 0.117045510 1.658
1 1 1 1 -1 1 1 0.044275040 1.658
1 1 1 2 -1 1 1 0.105150698 1.658
1 1 2 1 -1 1 1 0.105150698 1.658
1 1 2 2 -1 1 1 0.117045510 1.658
1 1 1 1 0 -2 -1 0.044275040 1.658
1 1 1 2 0 -2 -1 0.105150698 1.658
1 1 2 1 0 -2 -1 0.105150698 1.658
1 1 2 2 0 -2 -1 0.117045510 1.658
1 1 1 1 0 1 2 0.044275040 1.658
1 1 1 2 0 1 2 0.105150698 1.658
1 1 2 1 0 1 2 0.105150698 1.658
1 1 2 2 0 1 2 0.117045510 1.658
1 1 1 1 1 -1 1 0.044111937 1.658
1 1 1 2 1 -1 1 0.105139902 1.658
1 1 2 1 1 -1 1 0.105139902 1.658
1 1 2 2 1 -1 1 0.117055938 1.658
1 1 1 1 1 0 2 0.044111937 1.658
1 1 1 2 1 0 2 0.105139902 1.658
1 1 2 1 1 0 2 0.105139902 1.658
1 1 2 2 1 0 2 0.117055938 1.658
1 1 1 1 -1 0 -2 0.044111937 1.658
1 1 1 2 -1 0 -2 0.105139902 1.658
1 1 2 1 -1 0 -2 0.105139902 1.658
1 1 2 2 -1 0 -2 0.117055938 1.658
1 1 1 1 -1 1 -1 0.044111937 1.658
1 1 1 2 -1 1 -1 0.105139902 1.658
1 1 2 1 -1 1 -1 0.105139902 1.658
1 1 2 2 -1 1 -1 0.117055938 1.658
1 1 1 1 0 -1 -2 0.044275040 1.658
1 1 1 2 0 -1 -2 0.105150698 1.658
1 1 2 1 0 -1 -2 0.105150698 1.658
1 1 2 2 0 -1 -2 0.117045510 1.658
1 1 1 1 0 2 1 0.044275040 1.658
1 1 1 2 0 2 1 0.105150698 1.658
1 1 2 1 0 2 1 0.105150698 1.658
1 1 2 2 0 2 1 0.117045510 1.658
1 1 1 1 1 -1 -1 0.044275040 1.658
1 1 1 2 1 -1 -1 0.105150698 1.658
1 1 2 1 1 -1 -1 0.105150698 1.658
1 1 2 2 1 -1 -1 0.117045510 1.658
1 1 1 1 1 2 2 0.044275040 1.658
1 1 1 2 1 2 2 0.105150698 1.658
1 1 2 1 1 2 2 0.105150698 1.658
1 1 2 2 1 2 2 0.117045510 1.658
1 1 1 1 2 0 1 0.044111937 1.658
1 1 1 2 2 0 1 0.105139902 1.658
1 1 2 1 2 0 1 0.105139902 1.658
1 1 2 2 2 0 1 0.117055938 1.658
1 1 1 1 2 1 2 0.044111937 1.658
1 1 1 2 2 1 2 0.105139902 1.658
1 1 2 1 2 1 2 0.105139902 1.658
1 1 2 2 2 1 2 0.117055938 1.658
1 1 1 1 1 1 -1 0.043960697 1.658
1 1 1 2 1 1 -1 0.105210882 1.658
1 1 2 1 1 1 -1 0.105210882 1.658
1 1 2 2 1 1 -1 0.117398396 1.658
1 1 1 1 1 2 0 0.043960697 1.658
1 1 1 2 1 2 0 0.105210882 1.658
1 1 2 1 1 2 0 0.105210882 1.658
1 1 2 2 1 2 0 0.117398396 1.658
1 1 1 1 2 1 0 0.043960697 1.658
1 1 1 2 2 1 0 0.105210882 1.658
1 1 2 1 2 1 0 0.105210882 1.658
1 1 2 2 2 1 0 0.117398396 1.658
1 1 1 1 2 2 1 0.043960697 1.658
1 1 1 2 2 2 1 0.105210882 1.658
1 1 2 1 2 2 1 0.105210882 1.658
1 1 2 2 2 2 1 0.117398397 1.658
1 1 1 1 -2 -2 -2 -0.161192248 1.732
1 1 1 2 -2 -2 -2 -0.122085301 1.732
1 1 2 1 -2 -2 -2 -0.122085301 1.732
1 1 2 2 -2 -2 -2 -0.083920739 1.732
1 1 1 1 -2 0 0 -0.161192248 1.732
1 1 1 2 -2 0 0 -0.122085301 1.732
1 1 2 1 -2 0 0 -0.122085301 1.732
1 1 2 2 -2 0 0 -0.083920739 1.732
1 1 1 1 0 -2 0 -0.161192248 1.732
1 1 1 2 0 -2 0 -0.122085301 1.732
1 1 2 1 0 -2 0 -0.122085301 1.732
1 1 2 2 0 -2 0 -0.083920739 1.732
1 1 1 1 0 0 2 -0.161192248 1.732
1 1 1 2 0 0 2 -0.122085301 1.732
1 1 2 1 0 0 2 -0.122085301 1.732
1 1 2 2 0 0 2 -0.083920739 1.732
1 1 1 1 0 0 -2 -0.161192248 1.732
1 1 1 2 0 0 -2 -0.122085301 1.732
1 1 2 1 0 0 -2 -0.122085301 1.732
1 1 2 2 0 0 -2 -0.083920739 1.732
1 1 1 1 0 2 0 -0.161192248 1.732
1 1 1 2 0 2 0 -0.122085301 1.732
1 1 2 1 0 2 0 -0.122085301 1.732
1 1 2 2 0 2 0 -0.083920739 1.732
1 1 1 1 2 0 0 -0.161192248 1.732
1 1 1 2 2 0 0 -0.122085301 1.732
1 1 2 1 2 0 0 -0.122085301 1.732
1 1 2 2 2 0 0 -0.083920739 1.732
1 1 1 1 2 2 2 -0.161192248 1.732
1 1 1 2 2 2 2 -0.122085301 1.732
1 1 2 1 2 2 2 -0.122085301 1.732
1 1 2 2 2 2 2 -0.083920739 1.732
1 1 1 1 -2 -2 0 -0.014663268 2.000
1 1 1 2 -2 -2 0 0.002182572 2.000
1 1 2 1 -2 -2 0 0.002182572 2.000
1 1 2 2 -2 -2 0 -0.002248385 2.000
1 1 1 1 -2 0 -2 -0.014997325 2.000
1 1 1 2 -2 0 -2 0.001760788 2.000
1 1 2 1 -2 0 -2 0.001760788 2.000
1 1 2 2 -2 0 -2 -0.002448632 2.000
1 1 1 1 0 -2 -2 -0.015079746 2.000
1 1 1 2 0 -2 -2 0.001635216 2.000
1 1 2 1 0 -2 -2 0.001635216 2.000
1 1 2 2 0 -2 -2 -0.002637098 2.000
1 1 1 1 0 2 2 -0.015079746 2.000
1 1 1 2 0 2 2 0.001635216 2.000
1 1 2 1 0 2 2 0.001635216 2.000
1 1 2 2 0 2 2 -0.002637098 2.000
1 1 1 1 2 0 2 -0.014997325 2.000
1 1 1 2 2 0 2 0.001760788 2.000
1 1 2 1 2 0 2 0.001760788 2.000
1 1 2 2 2 0 2 -0.002448632 2.000
1 1 1 1 2 2 0 -0.014663268 2.000
1 1 1 2 2 2 0 0.002182572 2.000
1 1 2 1 2 2 0 0.002182572 2.000
1 1 2 2 2 2 0 -0.002248385 2.000
1 1 1 1 -3 -2 -2 -0.020316155 2.179
1 1 1 2 -3 -2 -2 -0.011039450 2.179
1 1 2 1 -3 -2 -2 -0.011039450 2.179
1 1 2 2 -3 -2 -2 -0.000638265 2.179
1 1 1 1 -3 -1 -1 -0.020316155 2.179
1 1 1 2 -3 -1 -1 -0.011039450 2.179
1 1 2 1 -3 -1 -1 -0.011039450 2.179
1 1 2 2 -3 -1 -1 -0.000638265 2.179
1 1 1 1 -2 -3 -2 -0.020195598 2.179
1 1 1 2 -2 -3 -2 -0.010918401 2.179
1 1 2 1 -2 -3 -2 -0.010918401 2.179
1 1 2 2 -2 -3 -2 -0.000595214 2.179
1 1 1 1 -2 0 1 -0.020195598 2.179
1 1 1 2 -2 0 1 -0.010918401 2.179
1 1 2 1 -2 0 1 -0.010918401 2.179
1 1 2 2 -2 0 1 -0.000595214 2.179
1 1 1 1 -1 -3 -1 -0.020195598 2.179
1 1 1 2 -1 -3 -1 -0.010918401 2.179
1 1 2 1 -1 -3 -1 -0.010918401 2.179
1 1 2 2 -1 -3 -1 -0.000595214 2.179
1 1 1 1 -1 0 2 -0.020195598 2.179
1 1 1 2 -1 0 2 -0.010918401 2.179
1 1 2 1 -1 0 2 -0.010918401 2.179
1 1 2 2 -1 0 2 -0.000595214 2.179
1 1 1 1 0 -2 1 -0.020316155 2.179
1 1 1 2 0 -2 1 -0.011039450 2.179
1 1 2 1 0 -2 1 -0.011039450 2.179
1 1 2 2 0 -2 1 -0.000638265 2.179
1 1 1 1 0 -1 2 -0.020316155 2.179
1 1 1 2 0 -1 2 -0.011039450 2.179
1 1 2 1 0 -1 2 -0.011039450 2.179
1 1 2 2 0 -1 2 -0.000638265 2.179
1 1 1 1 -2 -2 -3 -0.020281391 2.179
1 1 1 2 -2 -2 -3 -0.010957905 2.179
1 1 2 1 -2 -2 -3 -0.010957905 2.179
1 1 2 2 -2 -2 -3 -0.000553188 2.179
1 1 1 1 -2 1 0 -0.020281391 2.179
1 1 1 2 -2 1 0 -0.010957905 2.179
1 1 2 1 -2 1 0 -0.010957905 2.179
1 1 2 2 -2 1 0 -0.000553188 2.179
1 1 1 1 1 -2 0 -0.020281391 2.179
1 1 1 2 1 -2 0 -0.010957905 2.179
1 1 2 1 1 -2 0 -0.010957905 2.179
1 1 2 2 1 -2 0 -0.000553188 2.179
1 1 1 1 1 1 3 -0.020281391 2.179
1 1 1 2 1 1 3 -0.010957905 2.179
1 1 2 1 1 1 3 -0.010957905 2.179
1 1 2 2 1 1 3 -0.000553188 2.179
1 1 1 1 -1 -1 -3 -0.020281391 2.179
1 1 1 2 -1 -1 -3 -0.010957905 2.179
1 1 2 1 -1 -1 -3 -0.010957905 2.179
1 1 2 2 -1 -1 -3 -0.000553188 2.179
1 1 1 1 -1 2 0 -0.020281391 2.179
1 1 1 2 -1 2 0 -0.010957905 2.179
1 1 2 1 -1 2 0 -0.010957905 2.179
1 1 2 2 -1 2 0 -0.000553188 2.179
1 1 1 1 2 -1 0 -0.020281391 2.179
1 1 1 2 2 -1 0 -0.010957905 2.179
1 1 2 1 2 -1 0 -0.010957905 2.179
1 1 2 2 2 -1 0 -0.000553188 2.179
1 1 1 1 2 2 3 -0.020281391 2.179
1 1 1 2 2 2 3 -0.010957905 2.179
1 1 2 1 2 2 3 -0.010957905 2.179
1 1 2 2 2 2 3 -0.000553188 2.179
1 1 1 1 0 1 -2 -0.020316155 2.179
1 1 1 2 0 1 -2 -0.011039450 2.179
1 1 2 1 0 1 -2 -0.011039450 2.179
1 1 2 2 0 1 -2 -0.000638265 2.179
1 1 1 1 0 2 -1 -0.020316155 2.179
1 1 1 2 0 2 -1 -0.011039450 2.179
1 1 2 1 0 2 -1 -0.011039450 2.179
1 1 2 2 0 2 -1 -0.000638265 2.179
1 1 1 1 1 0 -2 -0.020195598 2.179
1 1 1 2 1 0 -2 -0.010918401 2.179
1 1 2 1 1 0 -2 -0.010918401 2.179
1 1 2 2 1 0 -2 -0.000595214 2.179
1 1 1 1 1 3 1 -0.020195598 2.179
1 1 1 2 1 3 1 -0.010918401 2.179
1 1 2 1 1 3 1 -0.010918401 2.179
1 1 2 2 1 3 1 -0.000595214 2.179
1 1 1 1 2 0 -1 -0.020195598 2.179
1 1 1 2 2 0 -1 -0.010918401 2.179
1 1 2 1 2 0 -1 -0.010918401 2.179
1 1 2 2 2 0 -1 -0.000595214 2.179
1 1 1 1 2 3 2 -0.020195598 2.179
1 1 1 2 2 3 2 -0.010918401 2.179
1 1 2 1 2 3 2 -0.010918401 2.179
1 1 2 2 2 3 2 -0.000595214 2.179
1 1 1 1 3 1 1 -0.020316155 2.179
1 1 1 2 3 1 1 -0.011039450 2.179
1 1 2 1 3 1 1 -0.011039450 2.179
1 1 2 2 3 1 1 -0.000638265 2.179
1 1 1 1 3 2 2 -0.020316155 2.179
1 1 1 2 3 2 2 -0.011039450 2.179
1 1 2 1 3 2 2 -0.011039450 2.179
1 1 2 2 3 2 2 -0.000638265 2.179
1 1 1 1 -3 -2 -1 0.008321122 2.236
1 1 1 2 -3 -2 -1 0.008653060 2.236
1 1 2 1 -3 -2 -1 0.008653060 2.236
1 1 2 2 -3 -2 -1 0.005747207 2.236
1 1 1 1 -2 -3 -1 0.008232708 2.236
1 1 1 2 -2 -3 -1 0.008594545 2.236
1 1 2 1 -2 -3 -1 0.008594545 2.236
1 1 2 2 -2 -3 -1 0.005740322 2.236
1 1 1 1 -2 -1 1 0.008232708 2.236
1 1 1 2 -2 -1 1 0.008594545 2.236
1 1 2 1 -2 -1 1 0.008594545 2.236
1 1 2 2 -2 -1 1 0.005740322 2.236
1 1 1 1 -1 -2 1 0.008321122 2.236
1 1 1 2 -1 -2 1 0.008653060 2.236
1 1 2 1 -1 -2 1 0.008653060 2.236
1 1 2 2 -1 -2 1 0.005747207 2.236
1 1 1 1 -3 -1 -2 0.008331566 2.236
1 1 1 2 -3 -1 -2 0.008567110 2.236
1 1 2 1 -3 -1 -2 0.008567110 2.236
1 1 2 2 -3 -1 -2 0.005641597 2.236
1 1 1 1 -1 -3 -2 0.008238355 2.236
1 1 1 2 -1 -3 -2 0.008604282 2.236
1 1 2 1 -1 -3 -2 0.008604282 2.236
1 1 2 2 -1 -3 -2 0.005816068 2.236
1 1 1 1 -1 1 2 0.008238355 2.236
1 1 1 2 -1 1 2 0.008604282 2.236
1 1 2 1 -1 1 2 0.008604282 2.236
1 1 2 2 -1 1 2 0.005816067 2.236
1 1 1 1 1 -1 2 0.008331566 2.236
1 1 1 2 1 -1 2 0.008567110 2.236
1 1 2 1 1 -1 2 0.008567110 2.236
1 1 2 2 1 -1 2 0.005641597 2.236
1 1 1 1 -2 -1 -3 0.008192524 2.236
1 1 1 2 -2 -1 -3 0.008435132 2.236
1 1 2 1 -2 -1 -3 0.008435132 2.236
1 1 2 2 -2 -1 -3 0.005555221 2.236
1 1 1 1 -2 1 -1 0.008192524 2.236
1 1 1 2 -2 1 -1 0.008435132 2.236
1 1 2 1 -2 1 -1 0.008435132 2.236
1 1 2 2 -2 1 -1 0.005555221 2.236
1 1 1 1 -1 -2 -3 0.008214047 2.236
1 1 1 2 -1 -2 -3 0.008555940 2.236
1 1 2 1 -1 -2 -3 0.008555940 2.236
1 1 2 2 -1 -2 -3 0.005735998 2.236
1 1 1 1 -1 2 1 0.008214047 2.236
1 1 1 2 -1 2 1 0.008555940 2.236
1 1 2 1 -1 2 1 0.008555940 2.236
1 1 2 2 -1 2 1 0.005735998 2.236
1 1 1 1 1 -2 -1 0.008214047 2.236
1 1 1 2 1 -2 -1 0.008555940 2.236
1 1 2 1 1 -2 -1 0.008555940 2.236
1 1 2 2 1 -2 -1 0.005735998 2.236
1 1 1 1 1 2 3 0.008214047 2.236
1 1 1 2 1 2 3 0.008555940 2.236
1 1 2 1 1 2 3 0.008555940 2.236
1 1 2 2 1 2 3 0.005735998 2.236
1 1 1 1 2 -1 1 0.008192524 2.236
1 1 1 2 2 -1 1 0.008435132 2.236
1 1 2 1 2 -1 1 0.008435132 2.236
1 1 2 2 2 -1 1 0.005555221 2.236
1 1 1 1 2 1 3 0.008192524 2.236
1 1 1 2 2 1 3 0.008435132 2.236
1 1 2 1 2 1 3 0.008435132 2.236
1 1 2 2 2 1 3 0.005555221 2.236
1 1 1 1 -1 1 -2 0.008331566 2.236
1 1 1 2 -1 1 -2 0.008567110 2.236
1 1 2 1 -1 1 -2 0.008567110 2.236
1 1 2 2 -1 1 -2 0.005641597 2.236
1 1 1 1 1 -1 -2 0.008238355 2.236
1 1 1 2 1 -1 -2 0.008604282 2.236
1 1 2 1 1 -1 -2 0.008604282 2.236
1 1 2 2 1 -1 -2 0.005816067 2.236
1 1 1 1 1 3 2 0.008238355 2.236
1 1 1 2 1 3 2 0.008604282 2.236
1 1 2 1 1 3 2 0.008604282 2.236
1 1 2 2 1 3 2 0.005816068 2.236
1 1 1 1 3 1 2 0.008331566 2.236
1 1 1 2 3 1 2 0.008567110 2.236
1 1 2 1 3 1 2 0.008567110 2.236
1 1 2 2 3 1 2 0.005641597 2.236
1 1 1 1 1 2 -1 0.008321122 2.236
1 1 1 2 1 2 -1 0.008653060 2.236
1 1 2 1 1 2 -1 0.008653060 2.236
1 1 2 2 1 2 -1 0.005747207 2.236
1 1 1 1 2 1 -1 0.008232708 2.236
1 1 1 2 2 1 -1 0.008594545 2.236
1 1 2 1 2 1 -1 0.008594545 2.236
1 1 2 2 2 1 -1 0.005740322 2.236
1 1 1 1 2 3 1 0.008232708 2.236
1 1 1 2 2 3 1 0.008594545 2.236
1 1 2 1 2 3 1 0.008594545 2.236
1 1 2 2 2 3 1 0.005740322 2.236
1 1 1 1 3 2 1 0.008321122 2.236
1 1 1 2 3 2 1 0.008653060 2.236
1 1 2 1 3 2 1 0.008653060 2.236
1 1 2 2 3 2 1 0.005747207 2.236
1 1 1 1 -3 -3 -2 -0.045593338 2.449
1 1 1 2 -3 -3 -2 -0.029067252 2.449
1 1 2 1 -3 -3 -2 -0.029067252 2.449
1 1 2 2 -3 -3 -2 -0.013346379 2.449
1 1 1 1 -3 -1 0 -0.045593337 2.449
1 1 1 2 -3 -1 0 -0.029067252 2.449
1 1 2 1 -3 -1 0 -0.029067252 2.449
1 1 2 2 -3 -1 0 -0.013346379 2.449
1 1 1 1 -1 -3 0 -0.045593337 2.449
1 1 1 2 -1 -3 0 -0.029067252 2.449
1 1 2 1 -1 -3 0 -0.029067252 2.449
1 1 2 2 -1 -3 0 -0.013346379 2.449
1 1 1 1 -1 -1 2 -0.045593337 2.449
1 1 1 2 -1 -1 2 -0.029067252 2.449
1 1 2 1 -1 -1 2 -0.029067252 2.449
1 1 2 2 -1 -1 2 -0.013346379 2.449
1 1 1 1 -3 -2 -3 -0.045587753 2.449
1 1 1 2 -3 -2 -3 -0.029103307 2.449
1 1 2 1 -3 -2 -3 -0.029103307 2.449
1 1 2 2 -3 -2 -3 -0.013418750 2.449
1 1 1 1 -3 0 -1 -0.045587753 2.449
1 1 1 2 -3 0 -1 -0.029103307 2.449
1 1 2 1 -3 0 -1 -0.029103307 2.449
1 1 2 2 -3 0 -1 -0.013418750 2.449
1 1 1 1 -2 -3 -3 -0.045459883 2.449
1 1 1 2 -2 -3 -3 -0.029058190 2.449
1 1 2 1 -2 -3 -3 -0.029058190 2.449
1 1 2 2 -2 -3 -3 -0.013472893 2.449
1 1 1 1 -2 1 1 -0.045459883 2.449
1 1 1 2 -2 1 1 -0.029058190 2.449
1 1 2 1 -2 1 1 -0.029058190 2.449
1 1 2 2 -2 1 1 -0.013472893 2.449
1 1 1 1 0 -3 -1 -0.045459883 2.449
1 1 1 2 0 -3 -1 -0.029058190 2.449
1 1 2 1 0 -3 -1 -0.029058190 2.449
1 1 2 2 0 -3 -1 -0.013472893 2.449
1 1 1 1 0 1 3 -0.045459883 2.449
1 1 1 2 0 1 3 -0.029058190 2.449
1 1 2 1 0 1 3 -0.029058190 2.449
1 1 2 2 0 1 3 -0.013472893 2.449
1 1 1 1 1 -2 1 -0.045587753 2.449
1 1 1 2 1 -2 1 -0.029103307 2.449
1 1 2 1 1 -2 1 -0.029103307 2.449
1 1 2 2 1 -2 1 -0.013418750 2.449
1 1 1 1 1 0 3 -0.045587753 2.449
1 1 1 2 1 0 3 -0.029103307 2.449
1 1 2 1 1 0 3 -0.029103307 2.449
1 1 2 2 1 0 3 -0.013418750 2.449
1 1 1 1 -1 0 -3 -0.045587753 2.449
1 1 1 2 -1 0 -3 -0.029103307 2.449
1 1 2 1 -1 0 -3 -0.029103307 2.449
1 1 2 2 -1 0 -3 -0.013418750 2.449
1 1 1 1 -1 2 -1 -0.045587753 2.449
1 1 1 2 -1 2 -1 -0.029103307 2.449
1 1 2 1 -1 2 -1 -0.029103307 2.449
1 1 2 2 -1 2 -1 -0.013418750 2.449
1 1 1 1 0 -1 -3 -0.045459883 2.449
1 1 1 2 0 -1 -3 -0.029058190 2.449
1 1 2 1 0 -1 -3 -0.029058190 2.449
1 1 2 2 0 -1 -3 -0.013472893 2.449
1 1 1 1 0 3 1 -0.045459883 2.449
1 1 1 2 0 3 1 -0.029058190 2.449
1 1 2 1 0 3 1 -0.029058190 2.449
1 1 2 2 0 3 1 -0.013472893 2.449
1 1 1 1 2 -1 -1 -0.045459883 2.449
1 1 1 2 2 -1 -1 -0.029058190 2.449
1 1 2 1 2 -1 -1 -0.029058190 2.449
1 1 2 2 2 -1 -1 -0.013472893 2.449
1 1 1 1 2 3 3 -0.045459883 2.449
1 1 1 2 2 3 3 -0.029058190 2.449
1 1 2 1 2 3 3 -0.029058190 2.449
1 1 2 2 2 3 3 -0.013472893 2.449
1 1 1 1 3 0 1 -0.045587753 2.449
1 1 1 2 3 0 1 -0.029103307 2.449
1 1 2 1 3 0 1 -0.029103307 2.449
1 1 2 2 3 0 1 -0.013418750 2.449
1 1 1 1 3 2 3 -0.045587753 2.449
1 1 1 2 3 2 3 -0.029103307 2.449
1 1 2 1 3 2 3 -0.029103307 2.449
1 1 2 2 3 2 3 -0.013418750 2.449
1 1 1 1 1 1 -2 -0.045593337 2.449
1 1 1 2 1 1 -2 -0.029067252 2.449
1 1 2 1 1 1 -2 -0.029067252 2.449
1 1 2 2 1 1 -2 -0.013346379 2.449
1 1 1 1 1 3 0 -0.045593337 2.449
1 1 1 2 1 3 0 -0.029067252 2.449
1 1 2 1 1 3 0 -0.029067252 2.449
1 1 2 2 1 3 0 -0.013346379 2.449
1 1 1 1 3 1 0 -0.045593337 2.449
1 1 1 2 3 1 0 -0.029067252 2.449
1 1 2 1 3 1 0 -0.029067252 2.449
1 1 2 2 3 1 0 -0.013346379 2.449
1 1 1 1 3 3 2 -0.045593338 2.449
1 1 1 2 3 3 2 -0.029067252 2.449
1 1 2 1 3 3 2 -0.029067252 2.449
1 1 2 2 3 3 2 -0.013346379 2.449
1 1 1 1 -3 -3 -1 -0.012110304 2.598
1 1 1 2 -3 -3 -1 -0.010346580 2.598
1 1 2 1 -3 -3 -1 -0.010346580 2.598
1 1 2 2 -3 -3 -1 -0.004953129 2.598
1 1 1 1 -3 -2 0 -0.012110304 2.598
1 1 1 2 -3 -2 0 -0.010346580 2.598
1 1 2 1 -3 -2 0 -0.010346580 2.598
1 1 2 2 -3 -2 0 -0.004953129 2.598
1 1 1 1 -2 -3 0 -0.012110304 2.598
1 1 1 2 -2 -3 0 -0.010346580 2.598
1 1 2 1 -2 -3 0 -0.010346580 2.598
1 1 2 2 -2 -3 0 -0.004953129 2.598
1 1 1 1 -2 -2 1 -0.012110304 2.598
1 1 1 2 -2 -2 1 -0.010346580 2.598
1 1 2 1 -2 -2 1 -0.010346580 2.598
1 1 2 2 -2 -2 1 -0.004953129 2.598
1 1 1 1 -3 -3 -3 0.078750435 2.598
1 1 1 2 -3 -3 -3 0.036205758 2.598
1 1 2 1 -3 -3 -3 0.036205758 2.598
1 1 2 2 -3 -3 -3 0.005863092 2.598
1 1 1 1 -3 0 0 0.078750436 2.598
1 1 1 2 -3 0 0 0.036205759 2.598
1 1 2 1 -3 0 0 0.036205759 2.598
1 1 2 2 -3 0 0 0.005863092 2.598
1 1 1 1 0 -3 0 0.078750436 2.598
1 1 1 2 0 -3 0 0.036205759 2.598
1 1 2 1 0 -3 0 0.036205759 2.598
1 1 2 2 0 -3 0 0.005863092 2.598
1 1 1 1 0 0 3 0.078750436 2.598
1 1 1 2 0 0 3 0.036205759 2.598
1 1 2 1 0 0 3 0.036205759 2.598
1 1 2 2 0 0 3 0.005863092 2.598
1 1 1 1 -3 -1 -3 -0.012084351 2.598
1 1 1 2 -3 -1 -3 -0.010204407 2.598
1 1 2 1 -3 -1 -3 -0.010204407 2.598
1 1 2 2 -3 -1 -3 -0.004723558 2.598
1 1 1 1 -3 0 -2 -0.012084351 2.598
1 1 1 2 -3 0 -2 -0.010204407 2.598
1 1 2 1 -3 0 -2 -0.010204407 2.598
1 1 2 2 -3 0 -2 -0.004723558 2.598
1 1 1 1 -1 -3 -3 -0.012138701 2.598
1 1 1 2 -1 -3 -3 -0.010275218 2.598
1 1 2 1 -1 -3 -3 -0.010275218 2.598
1 1 2 2 -1 -3 -3 -0.004781387 2.598
1 1 1 1 -1 2 2 -0.012138701 2.598
1 1 1 2 -1 2 2 -0.010275218 2.598
1 1 2 1 -1 2 2 -0.010275218 2.598
1 1 2 2 -1 2 2 -0.004781387 2.598
1 1 1 1 0 -3 -2 -0.012138701 2.598
1 1 1 2 0 -3 -2 -0.010275218 2.598
1 1 2 1 0 -3 -2 -0.010275218 2.598
1 1 2 2 0 -3 -2 -0.004781387 2.598
1 1 1 1 0 2 3 -0.012138701 2.598
1 1 1 2 0 2 3 -0.010275218 2.598
1 1 2 1 0 2 3 -0.010275218 2.598
1 1 2 2 0 2 3 -0.004781387 2.598
1 1 1 1 2 -1 2 -0.012084351 2.598
1 1 1 2 2 -1 2 -0.010204407 2.598
1 1 2 1 2 -1 2 -0.010204407 2.598
1 1 2 2 2 -1 2 -0.004723558 2.598
1 1 1 1 2 0 3 -0.012084351 2.598
1 1 1 2 2 0 3 -0.010204407 2.598
1 1 2 1 2 0 3 -0.010204407 2.598
1 1 2 2 2 0 3 -0.004723558 2.598
1 1 1 1 -2 0 -3 -0.012084351 2.598
1 1 1 2 -2 0 -3 -0.010204407 2.598
1 1 2 1 -2 0 -3 -0.010204407 2.598
1 1 2 2 -2 0 -3 -0.004723558 2.598
1 1 1 1 -2 1 -2 -0.012084351 2.598
1 1 1 2 -2 1 -2 -0.010204407 2.598
1 1 2 1 -2 1 -2 -0.010204407 2.598
1 1 2 2 -2 1 -2 -0.004723558 2.598
1 1 1 1 0 -2 -3 -0.012138701 2.598
1 1 1 2 0 -2 -3 -0.010275218 2.598
1 1 2 1 0 -2 -3 -0.010275218 2.598
1 1 2 2 0 -2 -3 -0.004781387 2.598
1 1 1 1 0 3 2 -0.012138701 2.598
1 1 1 2 0 3 2 -0.010275218 2.598
1 1 2 1 0 3 2 -0.010275218 2.598
1 1 2 2 0 3 2 -0.004781387 2.598
1 1 1 1 1 -2 -2 -0.012138701 2.598
1 1 1 2 1 -2 -2 -0.010275218 2.598
1 1 2 1 1 -2 -2 -0.010275218 2.598
1 1 2 2 1 -2 -2 -0.004781387 2.598
1 1 1 1 1 3 3 -0.012138701 2.598
1 1 1 2 1 3 3 -0.010275218 2.598
1 1 2 1 1 3 3 -0.010275218 2.598
1 1 2 2 1 3 3 -0.004781387 2.598
1 1 1 1 3 0 2 -0.012084351 2.598
1 1 1 2 3 0 2 -0.010204407 2.598
1 1 2 1 3 0 2 -0.010204407 2.598
1 1 2 2 3 0 2 -0.004723558 2.598
1 1 1 1 3 1 3 -0.012084351 2.598
1 1 1 2 3 1 3 -0.010204407 2.598
1 1 2 1 3 1 3 -0.010204407 2.598
1 1 2 2 3 1 3 -0.004723558 2.598
1 1 1 1 0 0 -3 0.078750436 2.598
1 1 1 2 0 0 -3 0.036205759 2.598
1 1 2 1 0 0 -3 0.036205759 2.598
1 1 2 2 0 0 -3 0.005863092 2.598
1 1 1 1 0 3 0 0.078750436 2.598
1 1 1 2 0 3 0 0.036205759 2.598
1 1 2 1 0 3 0 0.036205759 2.598
1 1 2 2 0 3 0 0.005863092 2.598
1 1 1 1 3 0 0 0.078750436 2.598
1 1 1 2 3 0 0 0.036205759 2.598
1 1 2 1 3 0 0 0.036205759 2.598
1 1 2 2 3 0 0 0.005863092 2.598
1 1 1 1 3 3 3 0.078750435 2.598
1 1 1 2 3 3 3 0.036205758 2.598
1 1 2 1 3 3 3 0.036205758 2.598
1 1 2 2 3 3 3 0.005863092 2.598
1 1 1 1 2 2 -1 -0.012110304 2.598
1 1 1 2 2 2 -1 -0.010346580 2.598
1 1 2 1 2 2 -1 -0.010346580 2.598
1 1 2 2 2 2 -1 -0.004953129 2.598
1 1 1 1 2 3 0 -0.012110304 2.598
1 1 1 2 2 3 0 -0.010346580 2.598
1 1 2 1 2 3 0 -0.010346580 2.598
1 1 2 2 2 3 0 -0.004953129 2.598
1 1 1 1 3 2 0 -0.012110304 2.598
1 1 1 2 3 2 0 -0.010346580 2.598
1 1 2 1 3 2 0 -0.010346580 2.598
1 1 2 2 3 2 0 -0.004953129 2.598
1 1 1 1 3 3 1 -0.012110304 2.598
1 1 1 2 3 3 1 -0.010346580 2.598
1 1 2 1 3 3 1 -0.010346580 2.598
1 1 2 2 3 3 1 -0.004953129 2.598
1 1 1 1 -4 -2 -2 -0.012797478 2.828
1 1 1 2 -4 -2 -2 -0.005120195 2.828
1 1 2 1 -4 -2 -2 -0.005120195 2.828
1 1 2 2 -4 -2 -2 0.001307303 2.828
1 1 1 1 -2 -4 -2 -0.012902861 2.828
1 1 1 2 -2 -4 -2 -0.005272448 2.828
1 1 2 1 -2 -4 -2 -0.005272448 2.828
1 1 2 2 -2 -4 -2 0.001195439 2.828
1 1 1 1 -2 0 2 -0.012902861 2.828
1 1 1 2 -2 0 2 -0.005272448 2.828
1 1 2 1 -2 0 2 -0.005272448 2.828
1 1 2 2 -2 0 2 0.001195439 2.828
1 1 1 1 0 -2 2 -0.012797478 2.828
1 1 1 2 0 -2 2 -0.005120195 2.828
1 1 2 1 0 -2 2 -0.005120195 2.828
1 1 2 2 0 -2 2 0.001307303 2.828
1 1 1 1 -2 -2 -4 -0.012814031 2.828
1 1 1 2 -2 -2 -4 -0.005166726 2.828
1 1 2 1 -2 -2 -4 -0.005166726 2.828
1 1 2 2 -2 -2 -4 0.001250694 2.828
1 1 1 1 -2 2 0 -0.012814031 2.828
1 1 1 2 -2 2 0 -0.005166727 2.828
1 1 2 1 -2 2 0 -0.005166727 2.828
1 1 2 2 -2 2 0 0.001250694 2.828
1 1 1 1 2 -2 0 -0.012814031 2.828
1 1 1 2 2 -2 0 -0.005166727 2.828
1 1 2 1 2 -2 0 -0.005166727 2.828
1 1 2 2 2 -2 0 0.001250694 2.828
1 1 1 1 2 2 4 -0.012814031 2.828
1 1 1 2 2 2 4 -0.005166726 2.828
1 1 2 1 2 2 4 -0.005166726 2.828
1 1 2 2 2 2 4 0.001250694 2.828
1 1 1 1 0 2 -2 -0.012797478 2.828
1 1 1 2 0 2 -2 -0.005120195 2.828
1 1 2 1 0 2 -2 -0.005120195 2.828
1 1 2 2 0 2 -2 0.001307303 2.828
1 1 1 1 2 0 -2 -0.012902861 2.828
1 1 1 2 2 0 -2 -0.005272448 2.828
1 1 2 1 2 0 -2 -0.005272448 2.828
1 1 2 2 2 0 -2 0.001195439 2.828
1 1 1 1 2 4 2 -0.012902861 2.828
1 1 1 2 2 4 2 -0.005272448 2.828
1 1 2 1 2 4 2 -0.005272448 2.828
1 1 2 2 2 4 2 0.001195439 2.828
1 1 1 1 4 2 2 -0.012797478 2.828
1 1 1 2 4 2 2 -0.005120195 2.828
1 1 2 1 4 2 2 -0.005120195 2.828
1 1 2 2 4 2 2 0.001307303 2.828
1 1 1 1 -4 -3 -2 0.009496437 2.958
1 1 1 2 -4 -3 -2 0.006543193 2.958
1 1 2 1 -4 -3 -2 0.006543193 2.958
1 1 2 2 -4 -3 -2 0.001513938 2.958
1 1 1 1 -4 -2 -1 0.009496437 2.958
1 1 1 2 -4 -2 -1 0.006543193 2.958
1 1 2 1 -4 -2 -1 0.006543193 2.958
1 1 2 2 -4 -2 -1 0.001513938 2.958
1 1 1 1 -3 -4 -2 0.009534761 2.958
1 1 1 2 -3 -4 -2 0.006574463 2.958
1 1 2 1 -3 -4 -2 0.006574463 2.958
1 1 2 2 -3 -4 -2 0.001547266 2.958
1 1 1 1 -3 -1 1 0.009534761 2.958
1 1 1 2 -3 -1 1 0.006574463 2.958
1 1 2 1 -3 -1 1 0.006574463 2.958
1 1 2 2 -3 -1 1 0.001547266 2.958
1 1 1 1 -2 -4 -1 0.009534761 2.958
1 1 1 2 -2 -4 -1 0.006574463 2.958
1 1 2 1 -2 -4 -1 0.006574463 2.958
1 1 2 2 -2 -4 -1 0.001547266 2.958
1 1 1 1 -2 -1 2 0.009534761 2.958
1 1 1 2 -2 -1 2 0.006574463 2.958
1 1 2 1 -2 -1 2 0.006574463 2.958
1 1 2 2 -2 -1 2 0.001547266 2.958
1 1 1 1 -1 -3 1 0.009496437 2.958
1 1 1 2 -1 -3 1 0.006543193 2.958
1 1 2 1 -1 -3 1 0.006543193 2.958
1 1 2 2 -1 -3 1 0.001513938 2.958
1 1 1 1 -1 -2 2 0.009496437 2.958
1 1 1 2 -1 -2 2 0.006543193 2.958
1 1 2 1 -1 -2 2 0.006543193 2.958
1 1 2 2 -1 -2 2 0.001513938 2.958
1 1 1 1 -4 -2 -3 0.009551871 2.958
1 1 1 2 -4 -2 -3 0.006612357 2.958
1 1 2 1 -4 -2 -3 0.006612357 2.958
1 1 2 2 -4 -2 -3 0.001564808 2.958
1 1 1 1 -4 -1 -2 0.009551871 2.958
1 1 1 2 -4 -1 -2 0.006612357 2.958
1 1 2 1 -4 -1 -2 0.006612357 2.958
1 1 2 2 -4 -1 -2 0.001564808 2.958
1 1 1 1 -2 -4 -3 0.009499494 2.958
1 1 1 2 -2 -4 -3 0.006578304 2.958
1 1 2 1 -2 -4 -3 0.006578304 2.958
1 1 2 2 -2 -4 -3 0.001554554 2.958
1 1 1 1 -2 1 2 0.009499494 2.958
1 1 1 2 -2 1 2 0.006578304 2.958
1 1 2 1 -2 1 2 0.006578304 2.958
1 1 2 2 -2 1 2 0.001554554 2.958
1 1 1 1 -1 -4 -2 0.009499494 2.958
1 1 1 2 -1 -4 -2 0.006578304 2.958
1 1 2 1 -1 -4 -2 0.006578304 2.958
1 1 2 2 -1 -4 -2 0.001554554 2.958
1 1 1 1 -1 1 3 0.009499494 2.958
1 1 1 2 -1 1 3 0.006578304 2.958
1 1 2 1 -1 1 3 0.006578304 2.958
1 1 2 2 -1 1 3 0.001554554 2.958
1 1 1 1 1 -2 2 0.009551871 2.958
1 1 1 2 1 -2 2 0.006612357 2.958
1 1 2 1 1 -2 2 0.006612357 2.958
1 1 2 2 1 -2 2 0.001564808 2.958
1 1 1 1 1 -1 3 0.009551871 2.958
1 1 1 2 1 -1 3 0.006612357 2.958
1 1 2 1 1 -1 3 0.006612357 2.958
1 1 2 2 1 -1 3 0.001564808 2.958
1 1 1 1 -3 -2 -4 0.009575127 2.958
1 1 1 2 -3 -2 -4 0.006627018 2.958
1 1 2 1 -3 -2 -4 0.006627018 2.958
1 1 2 2 -3 -2 -4 0.001588167 2.958
1 1 1 1 -3 1 -1 0.009575127 2.958
1 1 1 2 -3 1 -1 0.006627018 2.958
1 1 2 1 -3 1 -1 0.006627018 2.958
1 1 2 2 -3 1 -1 0.001588167 2.958
1 1 1 1 -2 -3 -4 0.009485833 2.958
1 1 1 2 -2 -3 -4 0.006556200 2.958
1 1 2 1 -2 -3 -4 0.006556200 2.958
1 1 2 2 -2 -3 -4 0.001533403 2.958
1 1 1 1 -2 2 1 0.009485833 2.958
1 1 1 2 -2 2 1 0.006556200 2.958
1 1 2 1 -2 2 1 0.006556200 2.958
1 1 2 2 -2 2 1 0.001533403 2.958
1 1 1 1 1 -3 -1 0.009485833 2.958
1 1 1 2 1 -3 -1 0.006556200 2.958
1 1 2 1 1 -3 -1 0.006556200 2.958
1 1 2 2 1 -3 -1 0.001533403 2.958
1 1 1 1 1 2 4 0.009485833 2.958
1 1 1 2 1 2 4 0.006556200 2.958
1 1 2 1 1 2 4 0.006556200 2.958
1 1 2 2 1 2 4 0.001533403 2.958
1 1 1 1 2 -2 1 0.009575127 2.958
1 1 1 2 2 -2 1 0.006627018 2.958
1 1 2 1 2 -2 1 0.006627018 2.958
1 1 2 2 2 -2 1 0.001588167 2.958
1 1 1 1 2 1 4 0.009575127 2.958
1 1 1 2 2 1 4 0.006627018 2.958
1 1 2 1 2 1 4 0.006627018 2.958
1 1 2 2 2 1 4 0.001588167 2.958
1 1 1 1 -2 -1 -4 0.009575127 2.958
1 1 1 2 -2 -1 -4 0.006627018 2.958
1 1 2 1 -2 -1 -4 0.006627018 2.958
1 1 2 2 -2 -1 -4 0.001588167 2.958
1 1 1 1 -2 2 -1 0.009575127 2.958
1 1 1 2 -2 2 -1 0.006627018 2.958
1 1 2 1 -2 2 -1 0.006627018 2.958
1 1 2 2 -2 2 -1 0.001588167 2.958
1 1 1 1 -1 -2 -4 0.009485833 2.958
1 1 1 2 -1 -2 -4 0.006556200 2.958
1 1 2 1 -1 -2 -4 0.006556200 2.958
1 1 2 2 -1 -2 -4 0.001533403 2.958
1 1 1 1 -1 3 1 0.009485833 2.958
1 1 1 2 -1 3 1 0.006556200 2.958
1 1 2 1 -1 3 1 0.006556200 2.958
1 1 2 2 -1 3 1 0.001533403 2.958
1 1 1 1 2 -2 -1 0.009485833 2.958
1 1 1 2 2 -2 -1 0.006556200 2.958
1 1 2 1 2 -2 -1 0.006556200 2.958
1 1 2 2 2 -2 -1 0.001533403 2.958
1 1 1 1 2 3 4 0.009485833 2.958
1 1 1 2 2 3 4 0.006556200 2.958
1 1 2 1 2 3 4 0.006556200 2.958
1 1 2 2 2 3 4 0.001533403 2.958
1 1 1 1 3 -1 1 0.009575127 2.958
1 1 1 2 3 -1 1 0.006627018 2.958
1 1 2 1 3 -1 1 0.006627018 2.958
1 1 2 2 3 -1 1 0.001588167 2.958
1 1 1 1 3 2 4 0.009575127 2.958
1 1 1 2 3 2 4 0.006627018 2.958
1 1 2 1 3 2 4 0.006627018 2.958
1 1 2 2 3 2 4 0.001588167 2.958
1 1 1 1 -1 1 -3 0.009551871 2.958
1 1 1 2 -1 1 -3 0.006612357 2.958
1 1 2 1 -1 1 -3 0.006612357 2.958
1 1 2 2 -1 1 -3 0.001564808 2.958
1 1 1 1 -1 2 -2 0.009551871 2.958
1 1 1 2 -1 2 -2 0.006612357 2.958
1 1 2 1 -1 2 -2 0.006612357 2.958
1 1 2 2 -1 2 -2 0.001564808 2.958
1 1 1 1 1 -1 -3 0.009499494 2.958
1 1 1 2 1 -1 -3 0.006578304 2.958
1 1 2 1 1 -1 -3 0.006578304 2.958
1 1 2 2 1 -1 -3 0.001554554 2.958
1 1 1 1 1 4 2 0.009499494 2.958
1 1 1 2 1 4 2 0.006578304 2.958
1 1 2 1 1 4 2 0.006578304 2.958
1 1 2 2 1 4 2 0.001554554 2.958
1 1 1 1 2 -1 -2 0.009499494 2.958
1 1 1 2 2 -1 -2 0.006578304 2.958
1 1 2 1 2 -1 -2 0.006578304 2.958
1 1 2 2 2 -1 -2 0.001554554 2.958
1 1 1 1 2 4 3 0.009499494 2.958
1 1 1 2 2 4 3 0.006578304 2.958
1 1 2 1 2 4 3 0.006578304 2.958
1 1 2 2 2 4 3 0.001554554 2.958
1 1 1 1 4 1 2 0.009551871 2.958
1 1 1 2 4 1 2 0.006612357 2.958
1 1 2 1 4 1 2 0.006612357 2.958
1 1 2 2 4 1 2 0.001564808 2.958
1 1 1 1 4 2 3 0.009551871 2.958
1 1 1 2 4 2 3 0.006612357 2.958
1 1 2 1 4 2 3 0.006612357 2.958
1 1 2 2 4 2 3 0.001564808 2.958
1 1 1 1 1 2 -2 0.009496437 2.958
1 1 1 2 1 2 -2 0.006543193 2.958
1 1 2 1 1 2 -2 0.006543193 2.958
1 1 2 2 1 2 -2 0.001513938 2.958
1 1 1 1 1 3 -1 0.009496437 2.958
1 1 1 2 1 3 -1 0.006543193 2.958
1 1 2 1 1 3 -1 0.006543193 2.958
1 1 2 2 1 3 -1 0.001513938 2.958
1 1 1 1 2 1 -2 0.009534761 2.958
1 1 1 2 2 1 -2 0.006574463 2.958
1 1 2 1 2 1 -2 0.006574463 2.958
1 1 2 2 2 1 -2 0.001547266 2.958
1 1 1 1 2 4 1 0.009534761 2.958
1 1 1 2 2 4 1 0.006574463 2.958
1 1 2 1 2 4 1 0.006574463 2.958
1 1 2 2 2 4 1 0.001547266 2.958
1 1 1 1 3 1 -1 0.009534761 2.958
1 1 1 2 3 1 -1 0.006574463 2.958
1 1 2 1 3 1 -1 0.006574463 2.958
1 1 2 2 3 1 -1 0.001547266 2.958
1 1 1 1 3 4 2 0.009534761 2.958
1 1 1 2 3 4 2 0.006574463 2.958
1 1 2 1 3 4 2 0.006574463 2.958
1 1 2 2 3 4 2 0.001547266 2.958
1 1 1 1 4 2 1 0.009496437 2.958
1 1 1 2 4 2 1 0.006543193 2.958
1 1 2 1 4 2 1 0.006543193 2.958
1 1 2 2 4 2 1 0.001513938 2.958
1 1 1 1 4 3 2 0.009496437 2.958
1 1 1 2 4 3 2 0.006543193 2.958
1 1 2 1 4 3 2 0.006543193 2.958
1 1 2 2 4 3 2 0.001513938 2.958
1 1 1 1 -3 -3 0 -0.001079154 3.000
1 1 1 2 -3 -3 0 0.004278513 3.000
1 1 2 1 -3 -3 0 0.004278513 3.000
1 1 2 2 -3 -3 0 0.010246126 3.000
1 1 1 1 -4 -3 -3 0.001093559 3.000
1 1 1 2 -4 -3 -3 0.001877618 3.000
1 1 2 1 -4 -3 -3 0.001877618 3.000
1 1 2 2 -4 -3 -3 0.001095585 3.000
1 1 1 1 -4 -1 -1 0.001093559 3.000
1 1 1 2 -4 -1 -1 0.001877618 3.000
1 1 2 1 -4 -1 -1 0.001877618 3.000
1 1 2 2 -4 -1 -1 0.001095585 3.000
1 1 1 1 -3 -4 -3 0.001077017 3.000
1 1 1 2 -3 -4 -3 0.001940981 3.000
1 1 2 1 -3 -4 -3 0.001940981 3.000
1 1 2 2 -3 -4 -3 0.001207276 3.000
1 1 1 1 -3 0 1 0.001077017 3.000
1 1 1 2 -3 0 1 0.001940981 3.000
1 1 2 1 -3 0 1 0.001940981 3.000
1 1 2 2 -3 0 1 0.001207276 3.000
1 1 1 1 -1 -4 -1 0.001077017 3.000
1 1 1 2 -1 -4 -1 0.001940981 3.000
1 1 2 1 -1 -4 -1 0.001940981 3.000
1 1 2 2 -1 -4 -1 0.001207276 3.000
1 1 1 1 -1 0 3 0.001077017 3.000
1 1 1 2 -1 0 3 0.001940981 3.000
1 1 2 1 -1 0 3 0.001940981 3.000
1 1 2 2 -1 0 3 0.001207276 3.000
1 1 1 1 0 -3 1 0.001093559 3.000
1 1 1 2 0 -3 1 0.001877618 3.000
1 1 2 1 0 -3 1 0.001877618 3.000
1 1 2 2 0 -3 1 0.001095585 3.000
1 1 1 1 0 -1 3 0.001093559 3.000
1 1 1 2 0 -1 3 0.001877618 3.000
1 1 2 1 0 -1 3 0.001877618 3.000
1 1 2 2 0 -1 3 0.001095585 3.000
1 1 1 1 -3 -3 -4 0.001124444 3.000
1 1 1 2 -3 -3 -4 0.001979589 3.000
1 1 2 1 -3 -3 -4 0.001979589 3.000
1 1 2 2 -3 -3 -4 0.001224753 3.000
1 1 1 1 -3 1 0 0.001124444 3.000
1 1 1 2 -3 1 0 0.001979589 3.000
1 1 2 1 -3 1 0 0.001979589 3.000
1 1 2 2 -3 1 0 0.001224753 3.000
1 1 1 1 1 -3 0 0.001124444 3.000
1 1 1 2 1 -3 0 0.001979589 3.000
1 1 2 1 1 -3 0 0.001979589 3.000
1 1 2 2 1 -3 0 0.001224753 3.000
1 1 1 1 1 1 4 0.001124444 3.000
1 1 1 2 1 1 4 0.001979589 3.000
1 1 2 1 1 1 4 0.001979589 3.000
1 1 2 2 1 1 4 0.001224753 3.000
1 1 1 1 -3 0 -3 -0.000718861 3.000
1 1 1 2 -3 0 -3 0.004504781 3.000
1 1 2 1 -3 0 -3 0.004504781 3.000
1 1 2 2 -3 0 -3 0.010241390 3.000
1 1 1 1 0 -3 -3 -0.000803685 3.000
1 1 1 2 0 -3 -3 0.004483128 3.000
1 1 2 1 0 -3 -3 0.004483128 3.000
1 1 2 2 0 -3 -3 0.010247490 3.000
1 1 1 1 0 3 3 -0.000803685 3.000
1 1 1 2 0 3 3 0.004483128 3.000
1 1 2 1 0 3 3 0.004483128 3.000
1 1 2 2 0 3 3 0.010247490 3.000
1 1 1 1 3 0 3 -0.000718861 3.000
1 1 1 2 3 0 3 0.004504781 3.000
1 1 2 1 3 0 3 0.004504781 3.000
1 1 2 2 3 0 3 0.010241390 3.000
1 1 1 1 -1 -1 -4 0.001124444 3.000
1 1 1 2 -1 -1 -4 0.001979589 3.000
1 1 2 1 -1 -1 -4 0.001979589 3.000
1 1 2 2 -1 -1 -4 0.001224753 3.000
1 1 1 1 -1 3 0 0.001124444 3.000
1 1 1 2 -1 3 0 0.001979589 3.000
1 1 2 1 -1 3 0 0.001979589 3.000
1 1 2 2 -1 3 0 0.001224753 3.000
1 1 1 1 3 -1 0 0.001124444 3.000
1 1 1 2 3 -1 0 0.001979589 3.000
1 1 2 1 3 -1 0 0.001979589 3.000
1 1 2 2 3 -1 0 0.001224753 3.000
1 1 1 1 3 3 4 0.001124444 3.000
1 1 1 2 3 3 4 0.001979589 3.000
1 1 2 1 3 3 4 0.001979589 3.000
1 1 2 2 3 3 4 0.001224753 3.000
1 1 1 1 0 1 -3 0.001093559 3.000
1 1 1 2 0 1 -3 0.001877618 3.000
1 1 2 1 0 1 -3 0.001877618 3.000
1 1 2 2 0 1 -3 0.001095585 3.000
1 1 1 1 0 3 -1 0.001093559 3.000
1 1 1 2 0 3 -1 0.001877618 3.000
1 1 2 1 0 3 -1 0.001877618 3.000
1 1 2 2 0 3 -1 0.001095585 3.000
1 1 1 1 1 0 -3 0.001077017 3.000
1 1 1 2 1 0 -3 0.001940981 3.000
1 1 2 1 1 0 -3 0.001940981 3.000
1 1 2 2 1 0 -3 0.001207276 3.000
1 1 1 1 1 4 1 0.001077017 3.000
1 1 1 2 1 4 1 0.001940981 3.000
1 1 2 1 1 4 1 0.001940981 3.000
1 1 2 2 1 4 1 0.001207276 3.000
1 1 1 1 3 0 -1 0.001077017 3.000
1 1 1 2 3 0 -1 0.001940981 3.000
1 1 2 1 3 0 -1 0.001940981 3.000
1 1 2 2 3 0 -1 0.001207276 3.000
1 1 1 1 3 4 3 0.001077017 3.000
1 1 1 2 3 4 3 0.001940981 3.000
1 1 2 1 3 4 3 0.001940981 3.000
1 1 2 2 3 4 3 0.001207276 3.000
1 1 1 1 4 1 1 0.001093559 3.000
1 1 1 2 4 1 1 0.001877618 3.000
1 1 2 1 4 1 1 0.001877618 3.000
1 1 2 2 4 1 1 0.001095585 3.000
1 1 1 1 4 3 3 0.001093559 3.000
1 1 1 2 4 3 3 0.001877618 3.000
1 1 2 1 4 3 3 0.001877618 3.000
1 1 2 2 4 3 3 0.001095585 3.000
1 1 1 1 3 3 0 -0.001079154 3.000
1 1 1 2 3 3 0 0.004278513 3.000
1 1 2 1 3 3 0 0.004278513 3.000
1 1 2 2 3 3 0 0.010246126 3.000
