   1   1  -2  -2   0  13   1      0.1726714     -0.1115985      0.0000000     -0.2178658     -0.0175344      0.0000000      0.0000000     -0.0000000      0.0142699
   1   2  -2  -2   0  13  26     -0.0065613      0.1895594      0.0000000      0.1895556      0.0631960     -0.0000000     -0.0000000      0.0000000      0.0109396
   1   1  -1  -2   0  13   2     -0.0447301     -0.0000000     -0.0000000     -0.0000000     -0.4883798     -0.0000000     -0.0000000      0.0000000     -0.0696685
   1   2  -1  -2   0  13  27     -0.6217998     -0.2512299      0.0000000     -0.2512495      0.7798720     -0.0000000     -0.0000000     -0.0000000      0.4836613
   1   1   0  -2   0  13   3      0.1726714      0.1115985      0.0000000      0.2178658     -0.0175344     -0.0000000     -0.0000000      0.0000000      0.0142699
   1   2   0  -2   0  13  28     -0.6217998      0.2512299      0.0000000      0.2512495      0.7798720     -0.0000000     -0.0000000     -0.0000000      0.4836613
   1   1   1  -2   0  13   4     -0.0299456      0.1040893      0.0000000      0.1040893     -0.1501376      0.0000000     -0.0000000      0.0000000      0.0106656
   1   2   1  -2   0  13  29     -0.0065613     -0.1895594      0.0000000     -0.1895556      0.0631960      0.0000000      0.0000000     -0.0000000      0.0109396
   1   1   2  -2   0  13   5     -0.0299456     -0.1040893      0.0000000     -0.1040893     -0.1501376     -0.0000000      0.0000000      0.0000000      0.0106656
   1   2   2  -2   0  13  30     -0.0495362     -0.0000000     -0.0000000     -0.0000000     -0.0495362     -0.0000000     -0.0000000      0.0000000     -0.0076073
   1   1  -2  -1   0  13   6     -0.3774509     -0.1920829     -0.0000000     -0.1920829     -0.1556526      0.0000000     -0.0000000      0.0000000     -0.0696673
   1   2  -2  -1   0  13  31      0.2099183      0.0645711      0.0000000      0.0645749     -0.1532836     -0.0000000      0.0000000      0.0000000      0.0109396
   1   1  -1  -1   0  13   7      0.8411503     -2.8932934      0.0000000     -3.4382316     -2.8143889     -0.0000000      0.0000000      0.0000000      0.4546093
   1   2  -1  -1   0  13  32      0.1017297      1.1850801     -0.0000000      1.1850798     -1.2666828     -0.0000000     -0.0000000      0.0000000     -0.3635499
   1   1   0  -1   0  13   8      0.8411503      2.8932934      0.0000000      3.4382316     -2.8143889     -0.0000000     -0.0000000      0.0000000      0.4546093
   1   2   0  -1   0  13  33    -10.5141903     -0.0000000     -0.0000000     -0.0000000    -25.3321465     -0.0000000     -0.0000000      0.0000000     -6.1163700
   1   1   1  -1   0  13   9     -0.3774509      0.1920829     -0.0000000      0.1920829     -0.1556526      0.0000000     -0.0000000      0.0000000     -0.0696673
   1   2   1  -1   0  13  34      0.1017297     -1.1850801     -0.0000000     -1.1850798     -1.2666828     -0.0000000      0.0000000      0.0000000     -0.3635499
   1   1   2  -1   0  13  10     -0.2102336     -0.0000000      0.0000000     -0.0000000      0.0301504     -0.0000000     -0.0000000     -0.0000000      0.0106656
   1   2   2  -1   0  13  35      0.2099183     -0.0645711      0.0000000     -0.0645749     -0.1532836      0.0000000      0.0000000      0.0000000      0.0109396
   1   1  -2   0   0  13  11     -0.1126451     -0.0531382      0.0000000      0.0531291      0.2677822     -0.0000000     -0.0000000     -0.0000000      0.0142699
   1   2  -2   0   0  13  36     -0.0656569     -0.0000000     -0.0000000     -0.0000000     -0.0800285     -0.0000000     -0.0000000      0.0000000     -0.0517049
   1   1  -1   0   0  13  12     -4.6421349     -0.2724560      0.0000000      0.2724832      2.6688963     -0.0000000     -0.0000000     -0.0000000      0.4546093
   1   2  -1   0   0  13  37      0.2118741     -0.7325715      0.0000000     -0.7325516     -0.0538019     -0.0000000      0.0000000     -0.0000000      0.4836613
   1   1   0   0   0  13  13     61.9364780      0.0000000      0.0000000      0.0000000     61.9364780     -0.0000000      0.0000000     -0.0000000     14.3131942
   1   2   0   0   0  13  38    -21.6276575      6.4163642     -0.0000000      6.4163623    -14.2186794     -0.0000000     -0.0000000      0.0000000     -6.1163700
   1   1   1   0   0  13  14     -4.6421349      0.2724560      0.0000000     -0.2724832      2.6688963      0.0000000     -0.0000000     -0.0000000      0.4546093
   1   2   1   0   0  13  39    -21.6276575     -6.4163642     -0.0000000     -6.4163623    -14.2186794     -0.0000000     -0.0000000      0.0000000     -6.1163700
   1   1   2   0   0  13  15     -0.1126451      0.0531382      0.0000000     -0.0531291      0.2677822      0.0000000      0.0000000     -0.0000000      0.0142699
   1   2   2   0   0  13  40      0.2118741      0.7325715      0.0000000      0.7325516     -0.0538019     -0.0000000     -0.0000000      0.0000000      0.4836613
   1   1  -2   1   0  13  16     -0.2102328     -0.0000000      0.0000000     -0.0000000      0.0301521      0.0000000     -0.0000000     -0.0000000      0.0106652
   1   2  -2   1   0  13  41      0.3320229      0.1141998     -0.0000000      0.1141998      0.2001564      0.0000000     -0.0000000     -0.0000000     -0.0458586
   1   1  -1   1   0  13  17     -0.3774674      0.1921060     -0.0000000      0.1921059     -0.1556425     -0.0000000     -0.0000000      0.0000000     -0.0696685
   1   2  -1   1   0  13  42      0.3320229     -0.1141998     -0.0000000     -0.1141998      0.2001564     -0.0000000      0.0000000     -0.0000000     -0.0458586
   1   1   0   1   0  13  18      0.8411267      3.4382463      0.0000000      2.8933062     -2.8143653     -0.0000000     -0.0000000      0.0000000      0.4546093
   1   2   0   1   0  13  43      0.6470340     -0.4813121      0.0000000     -0.4813316     -0.4889618     -0.0000000      0.0000000      0.0000000      0.4836613
   1   1   1   1   0  13  19      0.8411267     -3.4382463      0.0000000     -2.8933062     -2.8143653      0.0000000      0.0000000      0.0000000      0.4546093
   1   2   1   1   0  13  44     -1.9508890     -0.0000000     -0.0000000     -0.0000000      0.7859359     -0.0000000     -0.0000000     -0.0000000     -0.3635499
   1   1   2   1   0  13  20     -0.3774674     -0.1921060     -0.0000000     -0.1921059     -0.1556425     -0.0000000     -0.0000000      0.0000000     -0.0696685
   1   2   2   1   0  13  45      0.6470340      0.4813121      0.0000000      0.4813316     -0.4889618      0.0000000     -0.0000000      0.0000000      0.4836613
   1   1  -2   2   0  13  21     -0.0299441     -0.1040897      0.0000000     -0.1040897     -0.1501366     -0.0000000      0.0000000      0.0000000      0.0106652
   1   2  -2   2   0  13  46     -0.0764356      0.0062231     -0.0000000      0.0062231     -0.0692498      0.0000000     -0.0000000      0.0000000     -0.0517049
   1   1  -1   2   0  13  22     -0.0299441      0.1040897      0.0000000      0.1040897     -0.1501366      0.0000000     -0.0000000      0.0000000      0.0106652
   1   2  -1   2   0  13  47      0.1342231      0.0000000     -0.0000000      0.0000000      0.3979562     -0.0000000      0.0000000     -0.0000000     -0.0458586
   1   1   0   2   0  13  23      0.1726793      0.2178613      0.0000000      0.1115939     -0.0175422      0.0000000     -0.0000000      0.0000000      0.0142699
   1   2   0   2   0  13  48     -0.0764356     -0.0062231     -0.0000000     -0.0062231     -0.0692498     -0.0000000     -0.0000000      0.0000000     -0.0517049
   1   1   1   2   0  13  24     -0.0447535     -0.0000000     -0.0000000     -0.0000000     -0.4883500      0.0000000     -0.0000000      0.0000000     -0.0696673
   1   2   1   2   0  13  49     -0.1184049     -0.1249826      0.0000000     -0.1249864      0.1750397      0.0000000      0.0000000     -0.0000000      0.0109396
   1   1   2   2   0  13  25      0.1726793     -0.2178613      0.0000000     -0.1115939     -0.0175422      0.0000000      0.0000000     -0.0000000      0.0142699
   1   2   2   2   0  13  50     -0.1184049      0.1249826      0.0000000      0.1249864      0.1750397     -0.0000000     -0.0000000     -0.0000000      0.0109396
   2   1  -2  -2   0  38   1     -0.1184050      0.1249826     -0.0000000      0.1249864      0.1750396     -0.0000000      0.0000000     -0.0000000      0.0109396
   2   2  -2  -2   0  38  26      0.1726794     -0.2178613     -0.0000000     -0.1115939     -0.0175422     -0.0000000     -0.0000000      0.0000000      0.0142699
   2   1  -1  -2   0  38   2     -0.1184050     -0.1249826     -0.0000000     -0.1249865      0.1750396     -0.0000000      0.0000000      0.0000000      0.0109396
   2   2  -1  -2   0  38  27     -0.0447535      0.0000000      0.0000000      0.0000001     -0.4883499      0.0000000      0.0000000     -0.0000000     -0.0696673
   2   1   0  -2   0  38   3     -0.0764357     -0.0062231      0.0000000     -0.0062231     -0.0692498      0.0000000      0.0000000      0.0000000     -0.0517049
   2   2   0  -2   0  38  28      0.1726793      0.2178612     -0.0000000      0.1115939     -0.0175422     -0.0000000     -0.0000000     -0.0000000      0.0142699
   2   1   1  -2   0  38   4      0.1342231     -0.0000000      0.0000000     -0.0000001      0.3979561      0.0000000     -0.0000000      0.0000000     -0.0458586
   2   2   1  -2   0  38  29     -0.0299441      0.1040897     -0.0000000      0.1040898     -0.1501366     -0.0000000      0.0000000     -0.0000000      0.0106652
   2   1   2  -2   0  38   5     -0.0764357      0.0062231      0.0000000      0.0062231     -0.0692498      0.0000000      0.0000000      0.0000000     -0.0517049
   2   2   2  -2   0  38  30     -0.0299441     -0.1040897     -0.0000000     -0.1040897     -0.1501365     -0.0000000      0.0000000      0.0000000      0.0106652
   2   1  -2  -1   0  38   6      0.6470341      0.4813119     -0.0000000      0.4813318     -0.4889618     -0.0000000     -0.0000000     -0.0000000      0.4836613
   2   2  -2  -1   0  38  31     -0.3774674     -0.1921059      0.0000000     -0.1921060     -0.1556424      0.0000000      0.0000000      0.0000000     -0.0696685
   2   1  -1  -1   0  38   7     -1.9508895      0.0000003      0.0000000     -0.0000001      0.7859357      0.0000000      0.0000000      0.0000000     -0.3635499
   2   2  -1  -1   0  38  32      0.8411273     -3.4382457     -0.0000000     -2.8933065     -2.8143642     -0.0000000     -0.0000000      0.0000000      0.4546093
   2   1   0  -1   0  38   8      0.6470342     -0.4813121     -0.0000000     -0.4813317     -0.4889616     -0.0000000     -0.0000000      0.0000000      0.4836613
   2   2   0  -1   0  38  33      0.8411264      3.4382454     -0.0000000      2.8933072     -2.8143650     -0.0000000     -0.0000000     -0.0000000      0.4546093
   2   1   1  -1   0  38   9      0.3320230     -0.1141998      0.0000000     -0.1141998      0.2001563      0.0000000     -0.0000000      0.0000000     -0.0458586
   2   2   1  -1   0  38  34     -0.3774675      0.1921060      0.0000000      0.1921060     -0.1556425      0.0000000      0.0000000     -0.0000000     -0.0696685
   2   1   2  -1   0  38  10      0.3320230      0.1141998      0.0000000      0.1141998      0.2001563      0.0000000     -0.0000000     -0.0000000     -0.0458586
   2   2   2  -1   0  38  35     -0.2102329      0.0000000     -0.0000000     -0.0000000      0.0301521     -0.0000000      0.0000000      0.0000000      0.0106652
   2   1  -2   0   0  38  11      0.2118741      0.7325713     -0.0000000      0.7325518     -0.0538020     -0.0000000     -0.0000000     -0.0000000      0.4836613
   2   2  -2   0   0  38  36     -0.1126452      0.0531382     -0.0000000     -0.0531292      0.2677821     -0.0000000      0.0000000     -0.0000000      0.0142699
   2   1  -1   0   0  38  12    -21.6276615     -6.4163599      0.0000000     -6.4163619    -14.2186753      0.0000000      0.0000000      0.0000000     -6.1163700
   2   2  -1   0   0  38  37     -4.6421360      0.2724565     -0.0000000     -0.2724836      2.6688958     -0.0000000      0.0000000     -0.0000000      0.4546093
   2   1   0   0   0  38  13    -21.6276632      6.4163656      0.0000000      6.4163656    -14.2186770      0.0000000      0.0000000     -0.0000000     -6.1163700
   2   2   0   0   0  38  38     61.9364920     -0.0000081     -0.0000000     -0.0000081     61.9364639     -0.0000000     -0.0000000     -0.0000000     14.3131942
   2   1   1   0   0  38  14      0.2118743     -0.7325714     -0.0000000     -0.7325518     -0.0538018     -0.0000000     -0.0000000      0.0000000      0.4836613
   2   2   1   0   0  38  39     -4.6421359     -0.2724553     -0.0000000      0.2724829      2.6688957     -0.0000000      0.0000000      0.0000000      0.4546093
   2   1   2   0   0  38  15     -0.0656569      0.0000000      0.0000000      0.0000000     -0.0800285      0.0000000      0.0000000      0.0000000     -0.0517049
   2   2   2   0   0  38  40     -0.1126451     -0.0531382     -0.0000000      0.0531291      0.2677821     -0.0000000      0.0000000      0.0000000      0.0142699
   2   1  -2   1   0  38  16      0.2099183     -0.0645711     -0.0000000     -0.0645749     -0.1532835     -0.0000000     -0.0000000      0.0000000      0.0109396
   2   2  -2   1   0  38  41     -0.2102336      0.0000000      0.0000000     -0.0000000      0.0301504     -0.0000000      0.0000000     -0.0000000      0.0106656
   2   1  -1   1   0  38  17      0.1017299     -1.1850799      0.0000000     -1.1850799     -1.2666823      0.0000000     -0.0000000      0.0000000     -0.3635499
   2   2  -1   1   0  38  42     -0.3774510      0.1920830      0.0000000      0.1920830     -0.1556526      0.0000000      0.0000000     -0.0000000     -0.0696673
   2   1   0   1   0  38  18    -10.5141927      0.0000014      0.0000000      0.0000033    -25.3321408      0.0000000      0.0000000      0.0000000     -6.1163700
   2   2   0   1   0  38  43      0.8411502      2.8932926     -0.0000000      3.4382328     -2.8143887     -0.0000000     -0.0000000     -0.0000000      0.4546093
   2   1   1   1   0  38  19      0.1017295      1.1850799      0.0000000      1.1850802     -1.2666827      0.0000000     -0.0000000     -0.0000000     -0.3635499
   2   2   1   1   0  38  44      0.8411509     -2.8932928      0.0000000     -3.4382320     -2.8143878     -0.0000000     -0.0000000      0.0000000      0.4546093
   2   1   2   1   0  38  20      0.2099183      0.0645710     -0.0000000      0.0645749     -0.1532835     -0.0000000     -0.0000000     -0.0000000      0.0109396
   2   2   2   1   0  38  45     -0.3774509     -0.1920829      0.0000000     -0.1920829     -0.1556526      0.0000000      0.0000000      0.0000000     -0.0696673
   2   1  -2   2   0  38  21     -0.0495362      0.0000000      0.0000000      0.0000000     -0.0495362      0.0000000      0.0000000      0.0000000     -0.0076073
   2   2  -2   2   0  38  46     -0.0299456     -0.1040893     -0.0000000     -0.1040893     -0.1501376     -0.0000000      0.0000000      0.0000000      0.0106656
   2   1  -1   2   0  38  22     -0.0065612     -0.1895594     -0.0000000     -0.1895556      0.0631960     -0.0000000     -0.0000000      0.0000000      0.0109396
   2   2  -1   2   0  38  47     -0.0299456      0.1040893     -0.0000000      0.1040893     -0.1501376     -0.0000000      0.0000000     -0.0000000      0.0106656
   2   1   0   2   0  38  23     -0.6218000      0.2512299     -0.0000000      0.2512495      0.7798718     -0.0000000      0.0000000     -0.0000000      0.4836613
   2   2   0   2   0  38  48      0.1726715      0.1115984     -0.0000000      0.2178658     -0.0175344     -0.0000000     -0.0000000     -0.0000000      0.0142699
   2   1   1   2   0  38  24     -0.6217999     -0.2512298     -0.0000000     -0.2512497      0.7798719     -0.0000000      0.0000000      0.0000000      0.4836613
   2   2   1   2   0  38  49     -0.0447301      0.0000000      0.0000000      0.0000001     -0.4883797      0.0000000      0.0000000      0.0000000     -0.0696685
   2   1   2   2   0  38  25     -0.0065613      0.1895594     -0.0000000      0.1895556      0.0631959     -0.0000000      0.0000000     -0.0000000      0.0109396
   2   2   2   2   0  38  50      0.1726715     -0.1115985     -0.0000000     -0.2178658     -0.0175343     -0.0000000     -0.0000000      0.0000000      0.0142699
