                              21 
   0.000000000000000   0.000000000000000                  0
   0.050000000000000  -0.050000000000000                   0
   0.100000000000000  -0.100000000000000                   0
   0.150000000000000  -0.150000000000000                   0
   0.200000000000000  -0.200000000000000                   0
   0.250000000000000  -0.250000000000000                   0
   0.300000000000000  -0.300000000000000                   0
   0.350000000000000  -0.350000000000000                   0
   0.400000000000000  -0.400000000000000                   0
   0.450000000000000  -0.450000000000000                   0
   0.500000000000000  -0.500000000000000                   0
   0.550000000000000  -0.550000000000000                   0
   0.600000000000000  -0.600000000000000                   0
   0.650000000000000  -0.650000000000000                   0
   0.700000000000000  -0.700000000000000                   0
   0.750000000000000  -0.750000000000000                   0
   0.800000000000000  -0.800000000000000                   0
   0.850000000000000  -0.850000000000000                   0
   0.900000000000000  -0.900000000000000                   0
   0.950000000000000  -0.950000000000000                   0
   1.000000000000000  -1.000000000000000                   0
