1  2    1.0000  0.0000000  0.0000     0.00000   0.00000    0.70000   
1  2   -1.0000  0.0000000  0.0000     0.00000   0.00000    0.70000 
2  1   -1.0000  0.0000000  0.0000     0.00000   0.00000   -0.70000 
2  1    1.0000  0.0000000  0.0000     0.00000   0.00000   -0.70000 
1  3    0.5000  0.8660254  0.0000     0.00000   0.00000    0.70000 
1  3   -0.5000 -0.8660254  0.0000     0.00000   0.00000    0.70000 
3  1   -0.5000 -0.8660254  0.0000     0.00000   0.00000   -0.70000 
3  1    0.5000  0.8660254  0.0000     0.00000   0.00000   -0.70000 
2  3   -0.5000  0.8660254  0.0000     0.00000   0.00000    0.70000 
2  3    0.5000 -0.8660254  0.0000     0.00000   0.00000    0.70000 
3  2    0.5000 -0.8660254  0.0000     0.00000   0.00000   -0.70000 
3  2   -0.5000  0.8660254  0.0000     0.00000   0.00000   -0.70000 