             135
   0.000000   0.000000   0.000000   0.000000  {/Symbol G}
   0.010000   0.000000   0.000000   0.010000
   0.020000   0.000000   0.000000   0.020000
   0.030000   0.000000   0.000000   0.030000
   0.040000   0.000000   0.000000   0.040000
   0.050000   0.000000   0.000000   0.050000
   0.060000   0.000000   0.000000   0.060000
   0.070000   0.000000   0.000000   0.070000
   0.080000   0.000000   0.000000   0.080000
   0.090000   0.000000   0.000000   0.090000
   0.100000   0.000000   0.000000   0.100000
   0.110000   0.000000   0.000000   0.110000
   0.120000   0.000000   0.000000   0.120000
   0.130000   0.000000   0.000000   0.130000
   0.140000   0.000000   0.000000   0.140000
   0.150000   0.000000   0.000000   0.150000
   0.160000   0.000000   0.000000   0.160000
   0.170000   0.000000   0.000000   0.170000
   0.180000   0.000000   0.000000   0.180000
   0.190000   0.000000   0.000000   0.190000
   0.200000   0.000000   0.000000   0.200000
   0.210000   0.000000   0.000000   0.210000
   0.220000   0.000000   0.000000   0.220000
   0.230000   0.000000   0.000000   0.230000
   0.240000   0.000000   0.000000   0.240000
   0.250000   0.000000   0.000000   0.250000
   0.260000   0.000000   0.000000   0.260000
   0.270000   0.000000   0.000000   0.270000
   0.280000   0.000000   0.000000   0.280000
   0.290000   0.000000   0.000000   0.290000
   0.300000   0.000000   0.000000   0.300000
   0.310000   0.000000   0.000000   0.310000
   0.320000   0.000000   0.000000   0.320000
   0.330000   0.000000   0.000000   0.330000
   0.340000   0.000000   0.000000   0.340000
   0.350000   0.000000   0.000000   0.350000
   0.360000   0.000000   0.000000   0.360000
   0.370000   0.000000   0.000000   0.370000
   0.380000   0.000000   0.000000   0.380000
   0.390000   0.000000   0.000000   0.390000
   0.400000   0.000000   0.000000   0.400000
   0.410000   0.000000   0.000000   0.410000
   0.420000   0.000000   0.000000   0.420000
   0.430000   0.000000   0.000000   0.430000
   0.440000   0.000000   0.000000   0.440000
   0.450000   0.000000   0.000000   0.450000
   0.460000   0.000000   0.000000   0.460000
   0.470000   0.000000   0.000000   0.470000
   0.480000   0.000000   0.000000   0.480000
   0.490000   0.000000   0.000000   0.490000
   0.500000   0.000000   0.000000   0.500000            M
   0.495495   0.009008   0.000000   0.510000
   0.490989   0.018016   0.000000   0.520000
   0.486484   0.027024   0.000000   0.530000
   0.481978   0.036032   0.000000   0.540000
   0.477473   0.045041   0.000000   0.550000
   0.472968   0.054049   0.000000   0.560000
   0.468462   0.063057   0.000000   0.570000
   0.463957   0.072065   0.000000   0.580000
   0.459451   0.081073   0.000000   0.590000
   0.454946   0.090081   0.000000   0.600000
   0.450441   0.099089   0.000000   0.610000
   0.445935   0.108097   0.000000   0.620000
   0.441430   0.117105   0.000000   0.630000
   0.436924   0.126114   0.000000   0.640000
   0.432419   0.135122   0.000000   0.650000
   0.427914   0.144130   0.000000   0.660000
   0.423408   0.153138   0.000000   0.670000
   0.418903   0.162146   0.000000   0.680000
   0.414397   0.171154   0.000000   0.690000
   0.409892   0.180162   0.000000   0.700000
   0.405386   0.189170   0.000000   0.710000
   0.400881   0.198178   0.000000   0.720000
   0.396376   0.207186   0.000000   0.730000
   0.391870   0.216195   0.000000   0.740000
   0.387365   0.225203   0.000000   0.750000
   0.382859   0.234211   0.000000   0.760000
   0.378354   0.243219   0.000000   0.770000
   0.373849   0.252227   0.000000   0.780000
   0.369343   0.261235   0.000000   0.790000
   0.364838   0.270243   0.000000   0.800000
   0.360332   0.279251   0.000000   0.810000
   0.355827   0.288259   0.000000   0.820000
   0.351322   0.297268   0.000000   0.830000
   0.346816   0.306276   0.000000   0.840000
   0.342311   0.315284   0.000000   0.850000
   0.337805   0.324292   0.000000   0.860000
   0.333300   0.333300   0.000000   0.870000            K
   0.326209   0.326209   0.000000   0.880000
   0.319117   0.319117   0.000000   0.890000
   0.312026   0.312026   0.000000   0.900000
   0.304934   0.304934   0.000000   0.910000
   0.297843   0.297843   0.000000   0.920000
   0.290751   0.290751   0.000000   0.930000
   0.283660   0.283660   0.000000   0.940000
   0.276568   0.276568   0.000000   0.950000
   0.269477   0.269477   0.000000   0.960000
   0.262385   0.262385   0.000000   0.970000
   0.255294   0.255294   0.000000   0.980000
   0.248202   0.248202   0.000000   0.990000
   0.241111   0.241111   0.000000   1.000000
   0.234019   0.234019   0.000000   1.010000
   0.226928   0.226928   0.000000   1.020000
   0.219836   0.219836   0.000000   1.030000
   0.212745   0.212745   0.000000   1.040000
   0.205653   0.205653   0.000000   1.050000
   0.198562   0.198562   0.000000   1.060000
   0.191470   0.191470   0.000000   1.070000
   0.184379   0.184379   0.000000   1.080000
   0.177287   0.177287   0.000000   1.090000
   0.170196   0.170196   0.000000   1.100000
   0.163104   0.163104   0.000000   1.110000
   0.156013   0.156013   0.000000   1.120000
   0.148921   0.148921   0.000000   1.130000
   0.141830   0.141830   0.000000   1.140000
   0.134738   0.134738   0.000000   1.150000
   0.127647   0.127647   0.000000   1.160000
   0.120555   0.120555   0.000000   1.170000
   0.113464   0.113464   0.000000   1.180000
   0.106372   0.106372   0.000000   1.190000
   0.099281   0.099281   0.000000   1.200000
   0.092189   0.092189   0.000000   1.210000
   0.085098   0.085098   0.000000   1.220000
   0.078006   0.078006   0.000000   1.230000
   0.070915   0.070915   0.000000   1.240000
   0.063823   0.063823   0.000000   1.250000
   0.056732   0.056732   0.000000   1.260000
   0.049640   0.049640   0.000000   1.270000
   0.042549   0.042549   0.000000   1.280000
   0.035457   0.035457   0.000000   1.290000
   0.028366   0.028366   0.000000   1.300000
   0.021274   0.021274   0.000000   1.310000
   0.014183   0.014183   0.000000   1.320000
   0.007091   0.007091   0.000000   1.330000
   0.000000   0.000000   0.000000   1.340000  {/Symbol G}