                              26
   0.000000000000000   0.000000000000000                  0
   0.020000000000000  -0.020000000000000                   0
   0.040000000000000  -0.040000000000000                   0
   0.060000000000000  -0.060000000000000                   0
   0.080000000000000  -0.080000000000000                   0
   0.100000000000000  -0.100000000000000                   0
   0.120000000000000  -0.120000000000000                   0
   0.140000000000000  -0.140000000000000                   0
   0.160000000000000  -0.160000000000000                   0
   0.180000000000000  -0.180000000000000                   0
   0.200000000000000  -0.200000000000000                   0
   0.220000000000000  -0.220000000000000                   0
   0.240000000000000  -0.240000000000000                   0
   0.260000000000000  -0.260000000000000                   0
   0.280000000000000  -0.280000000000000                   0
   0.300000000000000  -0.300000000000000                   0
   0.320000000000000  -0.320000000000000                   0
   0.340000000000000  -0.340000000000000                   0
   0.360000000000000  -0.360000000000000                   0
   0.380000000000000  -0.380000000000000                   0
   0.400000000000000  -0.400000000000000                   0
   0.420000000000000  -0.420000000000000                   0
   0.440000000000000  -0.440000000000000                   0
   0.460000000000000  -0.460000000000000                   0
   0.480000000000000  -0.480000000000000                   0
   0.500000000000000  -0.500000000000000                   0
