10000000
       1       1    2.19620980E+00  8.69800827E-01 -3.84505174E-01  3.09196204E-01
       1       2    2.19620980E+00  8.69800827E-01 -3.84505174E-01  3.09196204E-01
       1       3    2.19621020E+00 -8.69800692E-01  3.84506150E-01 -3.09195370E-01
       1       4    2.19621020E+00 -8.69800692E-01  3.84506150E-01 -3.09195370E-01
       1       5    2.19620980E+00  8.69800827E-01 -3.84505174E-01  3.09196204E-01
       1       6    2.19620980E+00  8.69800827E-01 -3.84505174E-01  3.09196204E-01
       1       7    2.19621020E+00 -8.69800692E-01  3.84506150E-01 -3.09195370E-01
       1       8    2.19621020E+00 -8.69800692E-01  3.84506150E-01 -3.09195370E-01
       1       9    2.19620980E+00  8.69800827E-01 -3.84505174E-01  3.09196204E-01
       1      10    2.19620980E+00  8.69800827E-01 -3.84505174E-01  3.09196204E-01
       1      11    2.19621020E+00 -8.69800692E-01  3.84506150E-01 -3.09195370E-01
       1      12    2.19621020E+00 -8.69800692E-01  3.84506150E-01 -3.09195370E-01
       1      13    2.19620980E+00  8.69800827E-01 -3.84505174E-01  3.09196204E-01
       1      14    2.19620980E+00  8.69800827E-01 -3.84505174E-01  3.09196204E-01
       1      15    2.19621020E+00 -8.69800692E-01  3.84506150E-01 -3.09195370E-01
       1      16    2.19621020E+00 -8.69800692E-01  3.84506150E-01 -3.09195370E-01
       1      17    2.19620980E+00  8.69800827E-01 -3.84505174E-01  3.09196204E-01
       1      18    2.19620980E+00  8.69800827E-01 -3.84505174E-01  3.09196204E-01
       1      19    2.19621020E+00 -8.69800692E-01  3.84506150E-01 -3.09195370E-01
       1      20    2.19621020E+00 -8.69800692E-01  3.84506150E-01 -3.09195370E-01
       1      21    2.19620980E+00  8.69800827E-01 -3.84505174E-01  3.09196204E-01
       1      22    2.19620980E+00  8.69800827E-01 -3.84505174E-01  3.09196204E-01
       1      23    2.19621020E+00 -8.69800692E-01  3.84506150E-01 -3.09195370E-01
       1      24    2.19621020E+00 -8.69800692E-01  3.84506150E-01 -3.09195370E-01
       1      25    2.19620980E+00  8.69800827E-01 -3.84505174E-01  3.09196204E-01
       1      26    2.19620980E+00  8.69800827E-01 -3.84505174E-01  3.09196204E-01
       1      27    2.19621020E+00 -8.69800692E-01  3.84506150E-01 -3.09195370E-01
       1      28    2.19621020E+00 -8.69800692E-01  3.84506150E-01 -3.09195370E-01
       1      29    2.19620980E+00  8.69800827E-01 -3.84505174E-01  3.09196204E-01
       1      30    2.19620980E+00  8.69800827E-01 -3.84505174E-01  3.09196204E-01
       1      31    2.19621020E+00 -8.69800692E-01  3.84506150E-01 -3.09195370E-01
       1      32    2.19621020E+00 -8.69800692E-01  3.84506150E-01 -3.09195370E-01
       1      33    2.19620980E+00  8.69800827E-01 -3.84505174E-01  3.09196204E-01
       1      34    2.19620980E+00  8.69800827E-01 -3.84505174E-01  3.09196204E-01
       1      35    2.19621020E+00 -8.69800692E-01  3.84506150E-01 -3.09195370E-01
       1      36    2.19621020E+00 -8.69800692E-01  3.84506150E-01 -3.09195370E-01
       1      37    2.19620980E+00  8.69800827E-01 -3.84505174E-01  3.09196204E-01
       1      38    2.19620980E+00  8.69800827E-01 -3.84505174E-01  3.09196204E-01
       1      39    2.19621020E+00 -8.69800692E-01  3.84506150E-01 -3.09195370E-01
       1      40    2.19621020E+00 -8.69800692E-01  3.84506150E-01 -3.09195370E-01
       1      41    2.19620980E+00  8.69800827E-01 -3.84505174E-01  3.09196204E-01
       1      42    2.19620980E+00  8.69800827E-01 -3.84505174E-01  3.09196204E-01
       1      43    2.19621020E+00 -8.69800692E-01  3.84506150E-01 -3.09195370E-01
       1      44    2.19621020E+00 -8.69800692E-01  3.84506150E-01 -3.09195370E-01
       1      45    2.19620980E+00  8.69800827E-01 -3.84505174E-01  3.09196204E-01
       1      46    2.19620980E+00  8.69800827E-01 -3.84505174E-01  3.09196204E-01
       1      47    2.19621020E+00 -8.69800692E-01  3.84506150E-01 -3.09195370E-01
       1      48    2.19621020E+00 -8.69800692E-01  3.84506150E-01 -3.09195370E-01
       1      49    2.19620980E+00  8.69800827E-01 -3.84505174E-01  3.09196204E-01
       1      50    2.19620980E+00  8.69800827E-01 -3.84505174E-01  3.09196204E-01
       1      51    2.19621020E+00 -8.69800692E-01  3.84506150E-01 -3.09195370E-01
       1      52    2.19621020E+00 -8.69800692E-01  3.84506150E-01 -3.09195370E-01
       1      53    2.19620980E+00  8.69800827E-01 -3.84505174E-01  3.09196204E-01
       1      54    2.19620980E+00  8.69800827E-01 -3.84505174E-01  3.09196204E-01
       1      55    2.19621020E+00 -8.69800692E-01  3.84506150E-01 -3.09195370E-01
       1      56    2.19621020E+00 -8.69800692E-01  3.84506150E-01 -3.09195370E-01
       1      57    2.19620980E+00  8.69800827E-01 -3.84505174E-01  3.09196204E-01
       1      58    2.19620980E+00  8.69800827E-01 -3.84505174E-01  3.09196204E-01
       1      59    2.19621020E+00 -8.69800692E-01  3.84506150E-01 -3.09195370E-01
       1      60    2.19621020E+00 -8.69800692E-01  3.84506150E-01 -3.09195370E-01
       1      61    2.19620980E+00  8.69800827E-01 -3.84505174E-01  3.09196204E-01
       1      62    2.19620980E+00  8.69800827E-01 -3.84505174E-01  3.09196204E-01
       1      63    2.19621020E+00 -8.69800692E-01  3.84506150E-01 -3.09195370E-01
       1      64    2.19621020E+00 -8.69800692E-01  3.84506150E-01 -3.09195370E-01
       1      65    2.19620980E+00  8.69800827E-01 -3.84505174E-01  3.09196204E-01
       1      66    2.19620980E+00  8.69800827E-01 -3.84505174E-01  3.09196204E-01
       1      67    2.19621020E+00 -8.69800692E-01  3.84506150E-01 -3.09195370E-01
       1      68    2.19621020E+00 -8.69800692E-01  3.84506150E-01 -3.09195370E-01
       1      69    2.19620980E+00  8.69800827E-01 -3.84505174E-01  3.09196204E-01
       1      70    2.19620980E+00  8.69800827E-01 -3.84505174E-01  3.09196204E-01
       1      71    2.19621020E+00 -8.69800692E-01  3.84506150E-01 -3.09195370E-01
       1      72    2.19621020E+00 -8.69800692E-01  3.84506150E-01 -3.09195370E-01
       1      73    2.19620980E+00  8.69800827E-01 -3.84505174E-01  3.09196204E-01
       1      74    2.19620980E+00  8.69800827E-01 -3.84505174E-01  3.09196204E-01
       1      75    2.19621020E+00 -8.69800692E-01  3.84506150E-01 -3.09195370E-01
       1      76    2.19621020E+00 -8.69800692E-01  3.84506150E-01 -3.09195370E-01
       1      77    2.19620980E+00  8.69800827E-01 -3.84505174E-01  3.09196204E-01
       1      78    2.19620980E+00  8.69800827E-01 -3.84505174E-01  3.09196204E-01
       1      79    2.19621020E+00 -8.69800692E-01  3.84506150E-01 -3.09195370E-01
       1      80    2.19621020E+00 -8.69800692E-01  3.84506150E-01 -3.09195370E-01
       1      81    2.19620980E+00  8.69800827E-01 -3.84505174E-01  3.09196204E-01
       1      82    2.19620980E+00  8.69800827E-01 -3.84505174E-01  3.09196204E-01
       1      83    2.19621020E+00 -8.69800692E-01  3.84506150E-01 -3.09195370E-01
       1      84    2.19621020E+00 -8.69800692E-01  3.84506150E-01 -3.09195370E-01
       1      85    2.19620980E+00  8.69800827E-01 -3.84505174E-01  3.09196204E-01
       1      86    2.19620980E+00  8.69800827E-01 -3.84505174E-01  3.09196204E-01
       1      87    2.19621020E+00 -8.69800692E-01  3.84506150E-01 -3.09195370E-01
       1      88    2.19621020E+00 -8.69800692E-01  3.84506150E-01 -3.09195370E-01
       1      89    2.19620980E+00  8.69800827E-01 -3.84505174E-01  3.09196204E-01
       1      90    2.19620980E+00  8.69800827E-01 -3.84505174E-01  3.09196204E-01
       1      91    2.19621020E+00 -8.69800692E-01  3.84506150E-01 -3.09195370E-01
       1      92    2.19621020E+00 -8.69800692E-01  3.84506150E-01 -3.09195370E-01
       1      93    2.19620980E+00  8.69800827E-01 -3.84505174E-01  3.09196204E-01
       1      94    2.19620980E+00  8.69800827E-01 -3.84505174E-01  3.09196204E-01
       1      95    2.19621020E+00 -8.69800692E-01  3.84506150E-01 -3.09195370E-01
       1      96    2.19621020E+00 -8.69800692E-01  3.84506150E-01 -3.09195370E-01
       1      97    2.19620980E+00  8.69800827E-01 -3.84505174E-01  3.09196204E-01
       1      98    2.19620980E+00  8.69800827E-01 -3.84505174E-01  3.09196204E-01
       1      99    2.19621020E+00 -8.69800692E-01  3.84506150E-01 -3.09195370E-01
       1     100    2.19621020E+00 -8.69800692E-01  3.84506150E-01 -3.09195370E-01
       1     101    2.19620980E+00  8.69800827E-01 -3.84505174E-01  3.09196204E-01
       1     102    2.19620980E+00  8.69800827E-01 -3.84505174E-01  3.09196204E-01
       1     103    2.19621020E+00 -8.69800692E-01  3.84506150E-01 -3.09195370E-01
       1     104    2.19621020E+00 -8.69800692E-01  3.84506150E-01 -3.09195370E-01
       1     105    2.19620980E+00  8.69800827E-01 -3.84505174E-01  3.09196204E-01
       1     106    2.19620980E+00  8.69800827E-01 -3.84505174E-01  3.09196204E-01
       1     107    2.19621020E+00 -8.69800692E-01  3.84506150E-01 -3.09195370E-01
       1     108    2.19621020E+00 -8.69800692E-01  3.84506150E-01 -3.09195370E-01
       1     109    2.19620980E+00  8.69800827E-01 -3.84505174E-01  3.09196204E-01
       1     110    2.19620980E+00  8.69800827E-01 -3.84505174E-01  3.09196204E-01
       1     111    2.19621020E+00 -8.69800692E-01  3.84506150E-01 -3.09195370E-01
       1     112    2.19621020E+00 -8.69800692E-01  3.84506150E-01 -3.09195370E-01
       1     113    2.19620980E+00  8.69800827E-01 -3.84505174E-01  3.09196204E-01
       1     114    2.19620980E+00  8.69800827E-01 -3.84505174E-01  3.09196204E-01
       1     115    2.19621020E+00 -8.69800692E-01  3.84506150E-01 -3.09195370E-01
       1     116    2.19621020E+00 -8.69800692E-01  3.84506150E-01 -3.09195370E-01
       1     117    2.19620980E+00  8.69800827E-01 -3.84505174E-01  3.09196204E-01
       1     118    2.19620980E+00  8.69800827E-01 -3.84505174E-01  3.09196204E-01
       1     119    2.19621020E+00 -8.69800692E-01  3.84506150E-01 -3.09195370E-01
       1     120    2.19621020E+00 -8.69800692E-01  3.84506150E-01 -3.09195370E-01
       1     121    2.19620980E+00  8.69800827E-01 -3.84505174E-01  3.09196204E-01
       1     122    2.19620980E+00  8.69800827E-01 -3.84505174E-01  3.09196204E-01
       1     123    2.19621020E+00 -8.69800692E-01  3.84506150E-01 -3.09195370E-01
       1     124    2.19621020E+00 -8.69800692E-01  3.84506150E-01 -3.09195370E-01
       1     125    2.19620980E+00  8.69800827E-01 -3.84505174E-01  3.09196204E-01
       1     126    2.19620980E+00  8.69800827E-01 -3.84505174E-01  3.09196204E-01
       1     127    2.19621020E+00 -8.69800692E-01  3.84506150E-01 -3.09195370E-01
       1     128    2.19621020E+00 -8.69800692E-01  3.84506150E-01 -3.09195370E-01
       1     129    2.19620980E+00  8.69800827E-01 -3.84505174E-01  3.09196204E-01
       1     130    2.19620980E+00  8.69800827E-01 -3.84505174E-01  3.09196204E-01
       1     131    2.19621020E+00 -8.69800692E-01  3.84506150E-01 -3.09195370E-01
       1     132    2.19621020E+00 -8.69800692E-01  3.84506150E-01 -3.09195370E-01
       1     133    2.19620980E+00  8.69800827E-01 -3.84505174E-01  3.09196204E-01
       1     134    2.19620980E+00  8.69800827E-01 -3.84505174E-01  3.09196204E-01
       1     135    2.19621020E+00 -8.69800692E-01  3.84506150E-01 -3.09195370E-01
       1     136    2.19621020E+00 -8.69800692E-01  3.84506150E-01 -3.09195370E-01
       1     137    2.19620980E+00  8.69800827E-01 -3.84505174E-01  3.09196204E-01
       1     138    2.19620980E+00  8.69800827E-01 -3.84505174E-01  3.09196204E-01
       1     139    2.19621020E+00 -8.69800692E-01  3.84506150E-01 -3.09195370E-01
       1     140    2.19621020E+00 -8.69800692E-01  3.84506150E-01 -3.09195370E-01
       1     141    2.19620980E+00  8.69800827E-01 -3.84505174E-01  3.09196204E-01
       1     142    2.19620980E+00  8.69800827E-01 -3.84505174E-01  3.09196204E-01
       1     143    2.19621020E+00 -8.69800692E-01  3.84506150E-01 -3.09195370E-01
       1     144    2.19621020E+00 -8.69800692E-01  3.84506150E-01 -3.09195370E-01
       1     145    2.19620980E+00  8.61826075E-01 -3.93094238E-01  3.20519479E-01
       1     146    2.19620980E+00  8.61826075E-01 -3.93094238E-01  3.20519479E-01
       1     147    2.19621020E+00 -8.61826210E-01  3.93093263E-01 -3.20520314E-01
       1     148    2.19621020E+00 -8.61826210E-01  3.93093263E-01 -3.20520314E-01
       1     149    2.19620980E+00  8.61826075E-01 -3.93094238E-01  3.20519479E-01
       1     150    2.19620980E+00  8.61826075E-01 -3.93094238E-01  3.20519479E-01
       1     151    2.19621020E+00 -8.61826210E-01  3.93093263E-01 -3.20520314E-01
       1     152    2.19621020E+00 -8.61826210E-01  3.93093263E-01 -3.20520314E-01
       1     153    2.19620980E+00  8.61826075E-01 -3.93094238E-01  3.20519479E-01
       1     154    2.19620980E+00  8.61826075E-01 -3.93094238E-01  3.20519479E-01
       1     155    2.19621020E+00 -8.61826210E-01  3.93093263E-01 -3.20520314E-01
       1     156    2.19621020E+00 -8.61826210E-01  3.93093263E-01 -3.20520314E-01
       1     157    2.19620980E+00  8.61826075E-01 -3.93094238E-01  3.20519479E-01
       1     158    2.19620980E+00  8.61826075E-01 -3.93094238E-01  3.20519479E-01
       1     159    2.19621020E+00 -8.61826210E-01  3.93093263E-01 -3.20520314E-01
       1     160    2.19621020E+00 -8.61826210E-01  3.93093263E-01 -3.20520314E-01
       1     161    2.19620980E+00  8.61826075E-01 -3.93094238E-01  3.20519479E-01
       1     162    2.19620980E+00  8.61826075E-01 -3.93094238E-01  3.20519479E-01
       1     163    2.19621020E+00 -8.61826210E-01  3.93093263E-01 -3.20520314E-01
       1     164    2.19621020E+00 -8.61826210E-01  3.93093263E-01 -3.20520314E-01
       1     165    2.19620980E+00  8.61826075E-01 -3.93094238E-01  3.20519479E-01
       1     166    2.19620980E+00  8.61826075E-01 -3.93094238E-01  3.20519479E-01
       1     167    2.19621020E+00 -8.61826210E-01  3.93093263E-01 -3.20520314E-01
       1     168    2.19621020E+00 -8.61826210E-01  3.93093263E-01 -3.20520314E-01
       1     169    2.19620980E+00  8.61826075E-01 -3.93094238E-01  3.20519479E-01
       1     170    2.19620980E+00  8.61826075E-01 -3.93094238E-01  3.20519479E-01
       1     171    2.19621020E+00 -8.61826210E-01  3.93093263E-01 -3.20520314E-01
       1     172    2.19621020E+00 -8.61826210E-01  3.93093263E-01 -3.20520314E-01
       1     173    2.19620980E+00  8.61826075E-01 -3.93094238E-01  3.20519479E-01
       1     174    2.19620980E+00  8.61826075E-01 -3.93094238E-01  3.20519479E-01
       1     175    2.19621020E+00 -8.61826210E-01  3.93093263E-01 -3.20520314E-01
       1     176    2.19621020E+00 -8.61826210E-01  3.93093263E-01 -3.20520314E-01
       1     177    2.19620980E+00  8.61826075E-01 -3.93094238E-01  3.20519479E-01
       1     178    2.19620980E+00  8.61826075E-01 -3.93094238E-01  3.20519479E-01
       1     179    2.19621020E+00 -8.61826210E-01  3.93093263E-01 -3.20520314E-01
       1     180    2.19621020E+00 -8.61826210E-01  3.93093263E-01 -3.20520314E-01
       1     181    2.19620980E+00  8.61826075E-01 -3.93094238E-01  3.20519479E-01
       1     182    2.19620980E+00  8.61826075E-01 -3.93094238E-01  3.20519479E-01
       1     183    2.19621020E+00 -8.61826210E-01  3.93093263E-01 -3.20520314E-01
       1     184    2.19621020E+00 -8.61826210E-01  3.93093263E-01 -3.20520314E-01
       1     185    2.19620980E+00  8.61826075E-01 -3.93094238E-01  3.20519479E-01
       1     186    2.19620980E+00  8.61826075E-01 -3.93094238E-01  3.20519479E-01
       1     187    2.19621020E+00 -8.61826210E-01  3.93093263E-01 -3.20520314E-01
       1     188    2.19621020E+00 -8.61826210E-01  3.93093263E-01 -3.20520314E-01
       1     189    2.19620980E+00  8.61826075E-01 -3.93094238E-01  3.20519479E-01
       1     190    2.19620980E+00  8.61826075E-01 -3.93094238E-01  3.20519479E-01
       1     191    2.19621020E+00 -8.61826210E-01  3.93093263E-01 -3.20520314E-01
       1     192    2.19621020E+00 -8.61826210E-01  3.93093263E-01 -3.20520314E-01
       1     193    2.19620980E+00  8.61826075E-01 -3.93094238E-01  3.20519479E-01
       1     194    2.19620980E+00  8.61826075E-01 -3.93094238E-01  3.20519479E-01
       1     195    2.19621020E+00 -8.61826210E-01  3.93093263E-01 -3.20520314E-01
       1     196    2.19621020E+00 -8.61826210E-01  3.93093263E-01 -3.20520314E-01
       1     197    2.19620980E+00  8.61826075E-01 -3.93094238E-01  3.20519479E-01
       1     198    2.19620980E+00  8.61826075E-01 -3.93094238E-01  3.20519479E-01
       1     199    2.19621020E+00 -8.61826210E-01  3.93093263E-01 -3.20520314E-01
       1     200    2.19621020E+00 -8.61826210E-01  3.93093263E-01 -3.20520314E-01
       1     201    2.19620980E+00  8.61826075E-01 -3.93094238E-01  3.20519479E-01
       1     202    2.19620980E+00  8.61826075E-01 -3.93094238E-01  3.20519479E-01
       1     203    2.19621020E+00 -8.61826210E-01  3.93093263E-01 -3.20520314E-01
       1     204    2.19621020E+00 -8.61826210E-01  3.93093263E-01 -3.20520314E-01
       1     205    2.19620980E+00  8.61826075E-01 -3.93094238E-01  3.20519479E-01
       1     206    2.19620980E+00  8.61826075E-01 -3.93094238E-01  3.20519479E-01
       1     207    2.19621020E+00 -8.61826210E-01  3.93093263E-01 -3.20520314E-01
       1     208    2.19621020E+00 -8.61826210E-01  3.93093263E-01 -3.20520314E-01
       1     209    2.19620980E+00  8.61826075E-01 -3.93094238E-01  3.20519479E-01
       1     210    2.19620980E+00  8.61826075E-01 -3.93094238E-01  3.20519479E-01
       1     211    2.19621020E+00 -8.61826210E-01  3.93093263E-01 -3.20520314E-01
       1     212    2.19621020E+00 -8.61826210E-01  3.93093263E-01 -3.20520314E-01
       1     213    2.19620980E+00  8.61826075E-01 -3.93094238E-01  3.20519479E-01
       1     214    2.19620980E+00  8.61826075E-01 -3.93094238E-01  3.20519479E-01
       1     215    2.19621020E+00 -8.61826210E-01  3.93093263E-01 -3.20520314E-01
       1     216    2.19621020E+00 -8.61826210E-01  3.93093263E-01 -3.20520314E-01
       1     217    2.19620980E+00  8.61826075E-01 -3.93094238E-01  3.20519479E-01
       1     218    2.19620980E+00  8.61826075E-01 -3.93094238E-01  3.20519479E-01
       1     219    2.19621020E+00 -8.61826210E-01  3.93093263E-01 -3.20520314E-01
       1     220    2.19621020E+00 -8.61826210E-01  3.93093263E-01 -3.20520314E-01
       1     221    2.19620980E+00  8.61826075E-01 -3.93094238E-01  3.20519479E-01
       1     222    2.19620980E+00  8.61826075E-01 -3.93094238E-01  3.20519479E-01
       1     223    2.19621020E+00 -8.61826210E-01  3.93093263E-01 -3.20520314E-01
       1     224    2.19621020E+00 -8.61826210E-01  3.93093263E-01 -3.20520314E-01
       1     225    2.19620980E+00  8.61826075E-01 -3.93094238E-01  3.20519479E-01
       1     226    2.19620980E+00  8.61826075E-01 -3.93094238E-01  3.20519479E-01
       1     227    2.19621020E+00 -8.61826210E-01  3.93093263E-01 -3.20520314E-01
       1     228    2.19621020E+00 -8.61826210E-01  3.93093263E-01 -3.20520314E-01
       1     229    2.19620980E+00  8.61826075E-01 -3.93094238E-01  3.20519479E-01
       1     230    2.19620980E+00  8.61826075E-01 -3.93094238E-01  3.20519479E-01
       1     231    2.19621020E+00 -8.61826210E-01  3.93093263E-01 -3.20520314E-01
       1     232    2.19621020E+00 -8.61826210E-01  3.93093263E-01 -3.20520314E-01
       1     233    2.19620980E+00  8.61826075E-01 -3.93094238E-01  3.20519479E-01
       1     234    2.19620980E+00  8.61826075E-01 -3.93094238E-01  3.20519479E-01
       1     235    2.19621020E+00 -8.61826210E-01  3.93093263E-01 -3.20520314E-01
       1     236    2.19621020E+00 -8.61826210E-01  3.93093263E-01 -3.20520314E-01
       1     237    2.19620980E+00  8.61826075E-01 -3.93094238E-01  3.20519479E-01
       1     238    2.19620980E+00  8.61826075E-01 -3.93094238E-01  3.20519479E-01
       1     239    2.19621020E+00 -8.61826210E-01  3.93093263E-01 -3.20520314E-01
       1     240    2.19621020E+00 -8.61826210E-01  3.93093263E-01 -3.20520314E-01
       1     241    2.19620980E+00  8.61826075E-01 -3.93094238E-01  3.20519479E-01
       1     242    2.19620980E+00  8.61826075E-01 -3.93094238E-01  3.20519479E-01
       1     243    2.19621020E+00 -8.61826210E-01  3.93093263E-01 -3.20520314E-01
       1     244    2.19621020E+00 -8.61826210E-01  3.93093263E-01 -3.20520314E-01
       1     245    2.19620980E+00  8.61826075E-01 -3.93094238E-01  3.20519479E-01
       1     246    2.19620980E+00  8.61826075E-01 -3.93094238E-01  3.20519479E-01
       1     247    2.19621020E+00 -8.61826210E-01  3.93093263E-01 -3.20520314E-01
       1     248    2.19621020E+00 -8.61826210E-01  3.93093263E-01 -3.20520314E-01
       1     249    2.19620980E+00  8.61826075E-01 -3.93094238E-01  3.20519479E-01
       1     250    2.19620980E+00  8.61826075E-01 -3.93094238E-01  3.20519479E-01
       1     251    2.19621020E+00 -8.61826210E-01  3.93093263E-01 -3.20520314E-01
       1     252    2.19621020E+00 -8.61826210E-01  3.93093263E-01 -3.20520314E-01
       1     253    2.19620980E+00  8.61826075E-01 -3.93094238E-01  3.20519479E-01
       1     254    2.19620980E+00  8.61826075E-01 -3.93094238E-01  3.20519479E-01
       1     255    2.19621020E+00 -8.61826210E-01  3.93093263E-01 -3.20520314E-01
       1     256    2.19621020E+00 -8.61826210E-01  3.93093263E-01 -3.20520314E-01
       1     257    2.19620980E+00  8.61826075E-01 -3.93094238E-01  3.20519479E-01
       1     258    2.19620980E+00  8.61826075E-01 -3.93094238E-01  3.20519479E-01
       1     259    2.19621020E+00 -8.61826210E-01  3.93093263E-01 -3.20520314E-01
       1     260    2.19621020E+00 -8.61826210E-01  3.93093263E-01 -3.20520314E-01
       1     261    2.19620980E+00  8.61826075E-01 -3.93094238E-01  3.20519479E-01
       1     262    2.19620980E+00  8.61826075E-01 -3.93094238E-01  3.20519479E-01
       1     263    2.19621020E+00 -8.61826210E-01  3.93093263E-01 -3.20520314E-01
       1     264    2.19621020E+00 -8.61826210E-01  3.93093263E-01 -3.20520314E-01
       1     265    2.19620980E+00  8.61826075E-01 -3.93094238E-01  3.20519479E-01
       1     266    2.19620980E+00  8.61826075E-01 -3.93094238E-01  3.20519479E-01
       1     267    2.19621020E+00 -8.61826210E-01  3.93093263E-01 -3.20520314E-01
       1     268    2.19621020E+00 -8.61826210E-01  3.93093263E-01 -3.20520314E-01
       1     269    2.19620980E+00  8.61826075E-01 -3.93094238E-01  3.20519479E-01
       1     270    2.19620980E+00  8.61826075E-01 -3.93094238E-01  3.20519479E-01
       1     271    2.19621020E+00 -8.61826210E-01  3.93093263E-01 -3.20520314E-01
       1     272    2.19621020E+00 -8.61826210E-01  3.93093263E-01 -3.20520314E-01
       1     273    2.19620980E+00  8.61826075E-01 -3.93094238E-01  3.20519479E-01
       1     274    2.19620980E+00  8.61826075E-01 -3.93094238E-01  3.20519479E-01
       1     275    2.19621020E+00 -8.61826210E-01  3.93093263E-01 -3.20520314E-01
       1     276    2.19621020E+00 -8.61826210E-01  3.93093263E-01 -3.20520314E-01
       1     277    2.19620980E+00  8.61826075E-01 -3.93094238E-01  3.20519479E-01
       1     278    2.19620980E+00  8.61826075E-01 -3.93094238E-01  3.20519479E-01
       1     279    2.19621020E+00 -8.61826210E-01  3.93093263E-01 -3.20520314E-01
       1     280    2.19621020E+00 -8.61826210E-01  3.93093263E-01 -3.20520314E-01
       1     281    2.19620980E+00  8.61826075E-01 -3.93094238E-01  3.20519479E-01
       1     282    2.19620980E+00  8.61826075E-01 -3.93094238E-01  3.20519479E-01
       1     283    2.19621020E+00 -8.61826210E-01  3.93093263E-01 -3.20520314E-01
       1     284    2.19621020E+00 -8.61826210E-01  3.93093263E-01 -3.20520314E-01
       1     285    2.19620980E+00  8.61826075E-01 -3.93094238E-01  3.20519479E-01
       1     286    2.19620980E+00  8.61826075E-01 -3.93094238E-01  3.20519479E-01
       1     287    2.19621020E+00 -8.61826210E-01  3.93093263E-01 -3.20520314E-01
       1     288    2.19621020E+00 -8.61826210E-01  3.93093263E-01 -3.20520314E-01
       1     289    2.19620980E+00  8.69800827E-01 -3.84505174E-01  3.09196204E-01
       1     290    2.19620980E+00  8.69800827E-01 -3.84505174E-01  3.09196204E-01
       1     291    2.19621020E+00 -8.69800692E-01  3.84506150E-01 -3.09195370E-01
       1     292    2.19621020E+00 -8.69800692E-01  3.84506150E-01 -3.09195370E-01
       1     293    2.19620980E+00  8.69800827E-01 -3.84505174E-01  3.09196204E-01
       1     294    2.19620980E+00  8.69800827E-01 -3.84505174E-01  3.09196204E-01
       1     295    2.19621020E+00 -8.69800692E-01  3.84506150E-01 -3.09195370E-01
       1     296    2.19621020E+00 -8.69800692E-01  3.84506150E-01 -3.09195370E-01
       1     297    2.19620980E+00  8.69800827E-01 -3.84505174E-01  3.09196204E-01
       1     298    2.19620980E+00  8.69800827E-01 -3.84505174E-01  3.09196204E-01
       1     299    2.19621020E+00 -8.69800692E-01  3.84506150E-01 -3.09195370E-01
       1     300    2.19621020E+00 -8.69800692E-01  3.84506150E-01 -3.09195370E-01
       1     301    2.19620980E+00  8.69800827E-01 -3.84505174E-01  3.09196204E-01
       1     302    2.19620980E+00  8.69800827E-01 -3.84505174E-01  3.09196204E-01
       1     303    2.19621020E+00 -8.69800692E-01  3.84506150E-01 -3.09195370E-01
       1     304    2.19621020E+00 -8.69800692E-01  3.84506150E-01 -3.09195370E-01
       1     305    2.19620980E+00  8.69800827E-01 -3.84505174E-01  3.09196204E-01
       1     306    2.19620980E+00  8.69800827E-01 -3.84505174E-01  3.09196204E-01
       1     307    2.19621020E+00 -8.69800692E-01  3.84506150E-01 -3.09195370E-01
       1     308    2.19621020E+00 -8.69800692E-01  3.84506150E-01 -3.09195370E-01
       1     309    2.19620980E+00  8.69800827E-01 -3.84505174E-01  3.09196204E-01
       1     310    2.19620980E+00  8.69800827E-01 -3.84505174E-01  3.09196204E-01
       1     311    2.19621020E+00 -8.69800692E-01  3.84506150E-01 -3.09195370E-01
       1     312    2.19621020E+00 -8.69800692E-01  3.84506150E-01 -3.09195370E-01
       1     313    2.19620980E+00  8.69800827E-01 -3.84505174E-01  3.09196204E-01
       1     314    2.19620980E+00  8.69800827E-01 -3.84505174E-01  3.09196204E-01
       1     315    2.19621020E+00 -8.69800692E-01  3.84506150E-01 -3.09195370E-01
       1     316    2.19621020E+00 -8.69800692E-01  3.84506150E-01 -3.09195370E-01
       1     317    2.19620980E+00  8.69800827E-01 -3.84505174E-01  3.09196204E-01
       1     318    2.19620980E+00  8.69800827E-01 -3.84505174E-01  3.09196204E-01
       1     319    2.19621020E+00 -8.69800692E-01  3.84506150E-01 -3.09195370E-01
       1     320    2.19621020E+00 -8.69800692E-01  3.84506150E-01 -3.09195370E-01
       1     321    2.19620980E+00  8.69800827E-01 -3.84505174E-01  3.09196204E-01
       1     322    2.19620980E+00  8.69800827E-01 -3.84505174E-01  3.09196204E-01
       1     323    2.19621020E+00 -8.69800692E-01  3.84506150E-01 -3.09195370E-01
       1     324    2.19621020E+00 -8.69800692E-01  3.84506150E-01 -3.09195370E-01
       1     325    2.19620980E+00  8.69800827E-01 -3.84505174E-01  3.09196204E-01
       1     326    2.19620980E+00  8.69800827E-01 -3.84505174E-01  3.09196204E-01
       1     327    2.19621020E+00 -8.69800692E-01  3.84506150E-01 -3.09195370E-01
       1     328    2.19621020E+00 -8.69800692E-01  3.84506150E-01 -3.09195370E-01
       1     329    2.19620980E+00  8.69800827E-01 -3.84505174E-01  3.09196204E-01
       1     330    2.19620980E+00  8.69800827E-01 -3.84505174E-01  3.09196204E-01
       1     331    2.19621020E+00 -8.69800692E-01  3.84506150E-01 -3.09195370E-01
       1     332    2.19621020E+00 -8.69800692E-01  3.84506150E-01 -3.09195370E-01
       1     333    2.19620980E+00  8.69800827E-01 -3.84505174E-01  3.09196204E-01
       1     334    2.19620980E+00  8.69800827E-01 -3.84505174E-01  3.09196204E-01
       1     335    2.19621020E+00 -8.69800692E-01  3.84506150E-01 -3.09195370E-01
       1     336    2.19621020E+00 -8.69800692E-01  3.84506150E-01 -3.09195370E-01
       1     337    2.19620980E+00  8.69800827E-01 -3.84505174E-01  3.09196204E-01
       1     338    2.19620980E+00  8.69800827E-01 -3.84505174E-01  3.09196204E-01
       1     339    2.19621020E+00 -8.69800692E-01  3.84506150E-01 -3.09195370E-01
       1     340    2.19621020E+00 -8.69800692E-01  3.84506150E-01 -3.09195370E-01
       1     341    2.19620980E+00  8.69800827E-01 -3.84505174E-01  3.09196204E-01
       1     342    2.19620980E+00  8.69800827E-01 -3.84505174E-01  3.09196204E-01
       1     343    2.19621020E+00 -8.69800692E-01  3.84506150E-01 -3.09195370E-01
       1     344    2.19621020E+00 -8.69800692E-01  3.84506150E-01 -3.09195370E-01
       1     345    2.19620980E+00  8.69800827E-01 -3.84505174E-01  3.09196204E-01
       1     346    2.19620980E+00  8.69800827E-01 -3.84505174E-01  3.09196204E-01
       1     347    2.19621020E+00 -8.69800692E-01  3.84506150E-01 -3.09195370E-01
       1     348    2.19621020E+00 -8.69800692E-01  3.84506150E-01 -3.09195370E-01
       1     349    2.19620980E+00  8.69800827E-01 -3.84505174E-01  3.09196204E-01
       1     350    2.19620980E+00  8.69800827E-01 -3.84505174E-01  3.09196204E-01
       1     351    2.19621020E+00 -8.69800692E-01  3.84506150E-01 -3.09195370E-01
       1     352    2.19621020E+00 -8.69800692E-01  3.84506150E-01 -3.09195370E-01
       1     353    2.19620980E+00  8.69800827E-01 -3.84505174E-01  3.09196204E-01
       1     354    2.19620980E+00  8.69800827E-01 -3.84505174E-01  3.09196204E-01
       1     355    2.19621020E+00 -8.69800692E-01  3.84506150E-01 -3.09195370E-01
       1     356    2.19621020E+00 -8.69800692E-01  3.84506150E-01 -3.09195370E-01
       1     357    2.19620980E+00  8.69800827E-01 -3.84505174E-01  3.09196204E-01
       1     358    2.19620980E+00  8.69800827E-01 -3.84505174E-01  3.09196204E-01
       1     359    2.19621020E+00 -8.69800692E-01  3.84506150E-01 -3.09195370E-01
       1     360    2.19621020E+00 -8.69800692E-01  3.84506150E-01 -3.09195370E-01
       1     361    2.19620980E+00  8.69800827E-01 -3.84505174E-01  3.09196204E-01
       1     362    2.19620980E+00  8.69800827E-01 -3.84505174E-01  3.09196204E-01
       1     363    2.19621020E+00 -8.69800692E-01  3.84506150E-01 -3.09195370E-01
       1     364    2.19621020E+00 -8.69800692E-01  3.84506150E-01 -3.09195370E-01
       1     365    2.19620980E+00  8.69800827E-01 -3.84505174E-01  3.09196204E-01
       1     366    2.19620980E+00  8.69800827E-01 -3.84505174E-01  3.09196204E-01
       1     367    2.19621020E+00 -8.69800692E-01  3.84506150E-01 -3.09195370E-01
       1     368    2.19621020E+00 -8.69800692E-01  3.84506150E-01 -3.09195370E-01
       1     369    2.19620980E+00  8.69800827E-01 -3.84505174E-01  3.09196204E-01
       1     370    2.19620980E+00  8.69800827E-01 -3.84505174E-01  3.09196204E-01
       1     371    2.19621020E+00 -8.69800692E-01  3.84506150E-01 -3.09195370E-01
       1     372    2.19621020E+00 -8.69800692E-01  3.84506150E-01 -3.09195370E-01
       1     373    2.19620980E+00  8.69800827E-01 -3.84505174E-01  3.09196204E-01
       1     374    2.19620980E+00  8.69800827E-01 -3.84505174E-01  3.09196204E-01
       1     375    2.19621020E+00 -8.69800692E-01  3.84506150E-01 -3.09195370E-01
       1     376    2.19621020E+00 -8.69800692E-01  3.84506150E-01 -3.09195370E-01
       1     377    2.19620980E+00  8.69800827E-01 -3.84505174E-01  3.09196204E-01
       1     378    2.19620980E+00  8.69800827E-01 -3.84505174E-01  3.09196204E-01
       1     379    2.19621020E+00 -8.69800692E-01  3.84506150E-01 -3.09195370E-01
       1     380    2.19621020E+00 -8.69800692E-01  3.84506150E-01 -3.09195370E-01
       1     381    2.19620980E+00  8.69800827E-01 -3.84505174E-01  3.09196204E-01
       1     382    2.19620980E+00  8.69800827E-01 -3.84505174E-01  3.09196204E-01
       1     383    2.19621020E+00 -8.69800692E-01  3.84506150E-01 -3.09195370E-01
       1     384    2.19621020E+00 -8.69800692E-01  3.84506150E-01 -3.09195370E-01
       1     385    2.19620980E+00  8.69800827E-01 -3.84505174E-01  3.09196204E-01
       1     386    2.19620980E+00  8.69800827E-01 -3.84505174E-01  3.09196204E-01
       1     387    2.19621020E+00 -8.69800692E-01  3.84506150E-01 -3.09195370E-01
       1     388    2.19621020E+00 -8.69800692E-01  3.84506150E-01 -3.09195370E-01
       1     389    2.19620980E+00  8.69800827E-01 -3.84505174E-01  3.09196204E-01
       1     390    2.19620980E+00  8.69800827E-01 -3.84505174E-01  3.09196204E-01
       1     391    2.19621020E+00 -8.69800692E-01  3.84506150E-01 -3.09195370E-01
       1     392    2.19621020E+00 -8.69800692E-01  3.84506150E-01 -3.09195370E-01
       1     393    2.19620980E+00  8.69800827E-01 -3.84505174E-01  3.09196204E-01
       1     394    2.19620980E+00  8.69800827E-01 -3.84505174E-01  3.09196204E-01
       1     395    2.19621020E+00 -8.69800692E-01  3.84506150E-01 -3.09195370E-01
       1     396    2.19621020E+00 -8.69800692E-01  3.84506150E-01 -3.09195370E-01
       1     397    2.19620980E+00  8.69800827E-01 -3.84505174E-01  3.09196204E-01
       1     398    2.19620980E+00  8.69800827E-01 -3.84505174E-01  3.09196204E-01
       1     399    2.19621020E+00 -8.69800692E-01  3.84506150E-01 -3.09195370E-01
       1     400    2.19621020E+00 -8.69800692E-01  3.84506150E-01 -3.09195370E-01
       1     401    2.19620980E+00  8.69800827E-01 -3.84505174E-01  3.09196204E-01
       1     402    2.19620980E+00  8.69800827E-01 -3.84505174E-01  3.09196204E-01
       1     403    2.19621020E+00 -8.69800692E-01  3.84506150E-01 -3.09195370E-01
       1     404    2.19621020E+00 -8.69800692E-01  3.84506150E-01 -3.09195370E-01
       1     405    2.19620980E+00  8.69800827E-01 -3.84505174E-01  3.09196204E-01
       1     406    2.19620980E+00  8.69800827E-01 -3.84505174E-01  3.09196204E-01
       1     407    2.19621020E+00 -8.69800692E-01  3.84506150E-01 -3.09195370E-01
       1     408    2.19621020E+00 -8.69800692E-01  3.84506150E-01 -3.09195370E-01
       1     409    2.19620980E+00  8.69800827E-01 -3.84505174E-01  3.09196204E-01
       1     410    2.19620980E+00  8.69800827E-01 -3.84505174E-01  3.09196204E-01
       1     411    2.19621020E+00 -8.69800692E-01  3.84506150E-01 -3.09195370E-01
       1     412    2.19621020E+00 -8.69800692E-01  3.84506150E-01 -3.09195370E-01
       1     413    2.19620980E+00  8.69800827E-01 -3.84505174E-01  3.09196204E-01
       1     414    2.19620980E+00  8.69800827E-01 -3.84505174E-01  3.09196204E-01
       1     415    2.19621020E+00 -8.69800692E-01  3.84506150E-01 -3.09195370E-01
       1     416    2.19621020E+00 -8.69800692E-01  3.84506150E-01 -3.09195370E-01
       1     417    2.19620980E+00  8.69800827E-01 -3.84505174E-01  3.09196204E-01
       1     418    2.19620980E+00  8.69800827E-01 -3.84505174E-01  3.09196204E-01
       1     419    2.19621020E+00 -8.69800692E-01  3.84506150E-01 -3.09195370E-01
       1     420    2.19621020E+00 -8.69800692E-01  3.84506150E-01 -3.09195370E-01
       1     421    2.19620980E+00  8.69800827E-01 -3.84505174E-01  3.09196204E-01
       1     422    2.19620980E+00  8.69800827E-01 -3.84505174E-01  3.09196204E-01
       1     423    2.19621020E+00 -8.69800692E-01  3.84506150E-01 -3.09195370E-01
       1     424    2.19621020E+00 -8.69800692E-01  3.84506150E-01 -3.09195370E-01
       1     425    2.19620980E+00  8.69800827E-01 -3.84505174E-01  3.09196204E-01
       1     426    2.19620980E+00  8.69800827E-01 -3.84505174E-01  3.09196204E-01
       1     427    2.19621020E+00 -8.69800692E-01  3.84506150E-01 -3.09195370E-01
       1     428    2.19621020E+00 -8.69800692E-01  3.84506150E-01 -3.09195370E-01
       1     429    2.19620980E+00  8.69800827E-01 -3.84505174E-01  3.09196204E-01
       1     430    2.19620980E+00  8.69800827E-01 -3.84505174E-01  3.09196204E-01
       1     431    2.19621020E+00 -8.69800692E-01  3.84506150E-01 -3.09195370E-01
       1     432    2.19621020E+00 -8.69800692E-01  3.84506150E-01 -3.09195370E-01
       1     433    2.19620980E+00  8.61826075E-01 -3.93094238E-01  3.20519479E-01
       1     434    2.19620980E+00  8.61826075E-01 -3.93094238E-01  3.20519479E-01
       1     435    2.19621020E+00 -8.61826210E-01  3.93093263E-01 -3.20520314E-01
       1     436    2.19621020E+00 -8.61826210E-01  3.93093263E-01 -3.20520314E-01
       1     437    2.19620980E+00  8.61826075E-01 -3.93094238E-01  3.20519479E-01
       1     438    2.19620980E+00  8.61826075E-01 -3.93094238E-01  3.20519479E-01
       1     439    2.19621020E+00 -8.61826210E-01  3.93093263E-01 -3.20520314E-01
       1     440    2.19621020E+00 -8.61826210E-01  3.93093263E-01 -3.20520314E-01
       1     441    2.19620980E+00  8.61826075E-01 -3.93094238E-01  3.20519479E-01
       1     442    2.19620980E+00  8.61826075E-01 -3.93094238E-01  3.20519479E-01
       1     443    2.19621020E+00 -8.61826210E-01  3.93093263E-01 -3.20520314E-01
       1     444    2.19621020E+00 -8.61826210E-01  3.93093263E-01 -3.20520314E-01
       1     445    2.19620980E+00  8.61826075E-01 -3.93094238E-01  3.20519479E-01
       1     446    2.19620980E+00  8.61826075E-01 -3.93094238E-01  3.20519479E-01
       1     447    2.19621020E+00 -8.61826210E-01  3.93093263E-01 -3.20520314E-01
       1     448    2.19621020E+00 -8.61826210E-01  3.93093263E-01 -3.20520314E-01
       1     449    2.19620980E+00  8.61826075E-01 -3.93094238E-01  3.20519479E-01
       1     450    2.19620980E+00  8.61826075E-01 -3.93094238E-01  3.20519479E-01
       1     451    2.19621020E+00 -8.61826210E-01  3.93093263E-01 -3.20520314E-01
       1     452    2.19621020E+00 -8.61826210E-01  3.93093263E-01 -3.20520314E-01
       1     453    2.19620980E+00  8.61826075E-01 -3.93094238E-01  3.20519479E-01
       1     454    2.19620980E+00  8.61826075E-01 -3.93094238E-01  3.20519479E-01
       1     455    2.19621020E+00 -8.61826210E-01  3.93093263E-01 -3.20520314E-01
       1     456    2.19621020E+00 -8.61826210E-01  3.93093263E-01 -3.20520314E-01
       1     457    2.19620980E+00  8.61826075E-01 -3.93094238E-01  3.20519479E-01
       1     458    2.19620980E+00  8.61826075E-01 -3.93094238E-01  3.20519479E-01
       1     459    2.19621020E+00 -8.61826210E-01  3.93093263E-01 -3.20520314E-01
       1     460    2.19621020E+00 -8.61826210E-01  3.93093263E-01 -3.20520314E-01
       1     461    2.19620980E+00  8.61826075E-01 -3.93094238E-01  3.20519479E-01
       1     462    2.19620980E+00  8.61826075E-01 -3.93094238E-01  3.20519479E-01
       1     463    2.19621020E+00 -8.61826210E-01  3.93093263E-01 -3.20520314E-01
       1     464    2.19621020E+00 -8.61826210E-01  3.93093263E-01 -3.20520314E-01
       1     465    2.19620980E+00  8.61826075E-01 -3.93094238E-01  3.20519479E-01
       1     466    2.19620980E+00  8.61826075E-01 -3.93094238E-01  3.20519479E-01
       1     467    2.19621020E+00 -8.61826210E-01  3.93093263E-01 -3.20520314E-01
       1     468    2.19621020E+00 -8.61826210E-01  3.93093263E-01 -3.20520314E-01
       1     469    2.19620980E+00  8.61826075E-01 -3.93094238E-01  3.20519479E-01
       1     470    2.19620980E+00  8.61826075E-01 -3.93094238E-01  3.20519479E-01
       1     471    2.19621020E+00 -8.61826210E-01  3.93093263E-01 -3.20520314E-01
       1     472    2.19621020E+00 -8.61826210E-01  3.93093263E-01 -3.20520314E-01
       1     473    2.19620980E+00  8.61826075E-01 -3.93094238E-01  3.20519479E-01
       1     474    2.19620980E+00  8.61826075E-01 -3.93094238E-01  3.20519479E-01
       1     475    2.19621020E+00 -8.61826210E-01  3.93093263E-01 -3.20520314E-01
       1     476    2.19621020E+00 -8.61826210E-01  3.93093263E-01 -3.20520314E-01
       1     477    2.19620980E+00  8.61826075E-01 -3.93094238E-01  3.20519479E-01
       1     478    2.19620980E+00  8.61826075E-01 -3.93094238E-01  3.20519479E-01
       1     479    2.19621020E+00 -8.61826210E-01  3.93093263E-01 -3.20520314E-01
       1     480    2.19621020E+00 -8.61826210E-01  3.93093263E-01 -3.20520314E-01
       1     481    2.19620980E+00  8.61826075E-01 -3.93094238E-01  3.20519479E-01
       1     482    2.19620980E+00  8.61826075E-01 -3.93094238E-01  3.20519479E-01
       1     483    2.19621020E+00 -8.61826210E-01  3.93093263E-01 -3.20520314E-01
       1     484    2.19621020E+00 -8.61826210E-01  3.93093263E-01 -3.20520314E-01
       1     485    2.19620980E+00  8.61826075E-01 -3.93094238E-01  3.20519479E-01
       1     486    2.19620980E+00  8.61826075E-01 -3.93094238E-01  3.20519479E-01
       1     487    2.19621020E+00 -8.61826210E-01  3.93093263E-01 -3.20520314E-01
       1     488    2.19621020E+00 -8.61826210E-01  3.93093263E-01 -3.20520314E-01
       1     489    2.19620980E+00  8.61826075E-01 -3.93094238E-01  3.20519479E-01
       1     490    2.19620980E+00  8.61826075E-01 -3.93094238E-01  3.20519479E-01
       1     491    2.19621020E+00 -8.61826210E-01  3.93093263E-01 -3.20520314E-01
       1     492    2.19621020E+00 -8.61826210E-01  3.93093263E-01 -3.20520314E-01
       1     493    2.19620980E+00  8.61826075E-01 -3.93094238E-01  3.20519479E-01
       1     494    2.19620980E+00  8.61826075E-01 -3.93094238E-01  3.20519479E-01
       1     495    2.19621020E+00 -8.61826210E-01  3.93093263E-01 -3.20520314E-01
       1     496    2.19621020E+00 -8.61826210E-01  3.93093263E-01 -3.20520314E-01
       1     497    2.19620980E+00  8.61826075E-01 -3.93094238E-01  3.20519479E-01
       1     498    2.19620980E+00  8.61826075E-01 -3.93094238E-01  3.20519479E-01
       1     499    2.19621020E+00 -8.61826210E-01  3.93093263E-01 -3.20520314E-01
       1     500    2.19621020E+00 -8.61826210E-01  3.93093263E-01 -3.20520314E-01
       1     501    2.19620980E+00  8.61826075E-01 -3.93094238E-01  3.20519479E-01
       1     502    2.19620980E+00  8.61826075E-01 -3.93094238E-01  3.20519479E-01
       1     503    2.19621020E+00 -8.61826210E-01  3.93093263E-01 -3.20520314E-01
       1     504    2.19621020E+00 -8.61826210E-01  3.93093263E-01 -3.20520314E-01
       1     505    2.19620980E+00  8.61826075E-01 -3.93094238E-01  3.20519479E-01
       1     506    2.19620980E+00  8.61826075E-01 -3.93094238E-01  3.20519479E-01
       1     507    2.19621020E+00 -8.61826210E-01  3.93093263E-01 -3.20520314E-01
       1     508    2.19621020E+00 -8.61826210E-01  3.93093263E-01 -3.20520314E-01
       1     509    2.19620980E+00  8.61826075E-01 -3.93094238E-01  3.20519479E-01
       1     510    2.19620980E+00  8.61826075E-01 -3.93094238E-01  3.20519479E-01
       1     511    2.19621020E+00 -8.61826210E-01  3.93093263E-01 -3.20520314E-01
       1     512    2.19621020E+00 -8.61826210E-01  3.93093263E-01 -3.20520314E-01
       1     513    2.19620980E+00  8.61826075E-01 -3.93094238E-01  3.20519479E-01
       1     514    2.19620980E+00  8.61826075E-01 -3.93094238E-01  3.20519479E-01
       1     515    2.19621020E+00 -8.61826210E-01  3.93093263E-01 -3.20520314E-01
       1     516    2.19621020E+00 -8.61826210E-01  3.93093263E-01 -3.20520314E-01
       1     517    2.19620980E+00  8.61826075E-01 -3.93094238E-01  3.20519479E-01
       1     518    2.19620980E+00  8.61826075E-01 -3.93094238E-01  3.20519479E-01
       1     519    2.19621020E+00 -8.61826210E-01  3.93093263E-01 -3.20520314E-01
       1     520    2.19621020E+00 -8.61826210E-01  3.93093263E-01 -3.20520314E-01
       1     521    2.19620980E+00  8.61826075E-01 -3.93094238E-01  3.20519479E-01
       1     522    2.19620980E+00  8.61826075E-01 -3.93094238E-01  3.20519479E-01
       1     523    2.19621020E+00 -8.61826210E-01  3.93093263E-01 -3.20520314E-01
       1     524    2.19621020E+00 -8.61826210E-01  3.93093263E-01 -3.20520314E-01
       1     525    2.19620980E+00  8.61826075E-01 -3.93094238E-01  3.20519479E-01
       1     526    2.19620980E+00  8.61826075E-01 -3.93094238E-01  3.20519479E-01
       1     527    2.19621020E+00 -8.61826210E-01  3.93093263E-01 -3.20520314E-01
       1     528    2.19621020E+00 -8.61826210E-01  3.93093263E-01 -3.20520314E-01
       1     529    2.19620980E+00  8.61826075E-01 -3.93094238E-01  3.20519479E-01
       1     530    2.19620980E+00  8.61826075E-01 -3.93094238E-01  3.20519479E-01
       1     531    2.19621020E+00 -8.61826210E-01  3.93093263E-01 -3.20520314E-01
       1     532    2.19621020E+00 -8.61826210E-01  3.93093263E-01 -3.20520314E-01
       1     533    2.19620980E+00  8.61826075E-01 -3.93094238E-01  3.20519479E-01
       1     534    2.19620980E+00  8.61826075E-01 -3.93094238E-01  3.20519479E-01
       1     535    2.19621020E+00 -8.61826210E-01  3.93093263E-01 -3.20520314E-01
       1     536    2.19621020E+00 -8.61826210E-01  3.93093263E-01 -3.20520314E-01
       1     537    2.19620980E+00  8.61826075E-01 -3.93094238E-01  3.20519479E-01
       1     538    2.19620980E+00  8.61826075E-01 -3.93094238E-01  3.20519479E-01
       1     539    2.19621020E+00 -8.61826210E-01  3.93093263E-01 -3.20520314E-01
       1     540    2.19621020E+00 -8.61826210E-01  3.93093263E-01 -3.20520314E-01
       1     541    2.19620980E+00  8.61826075E-01 -3.93094238E-01  3.20519479E-01
       1     542    2.19620980E+00  8.61826075E-01 -3.93094238E-01  3.20519479E-01
       1     543    2.19621020E+00 -8.61826210E-01  3.93093263E-01 -3.20520314E-01
       1     544    2.19621020E+00 -8.61826210E-01  3.93093263E-01 -3.20520314E-01
       1     545    2.19620980E+00  8.61826075E-01 -3.93094238E-01  3.20519479E-01
       1     546    2.19620980E+00  8.61826075E-01 -3.93094238E-01  3.20519479E-01
       1     547    2.19621020E+00 -8.61826210E-01  3.93093263E-01 -3.20520314E-01
       1     548    2.19621020E+00 -8.61826210E-01  3.93093263E-01 -3.20520314E-01
       1     549    2.19620980E+00  8.61826075E-01 -3.93094238E-01  3.20519479E-01
       1     550    2.19620980E+00  8.61826075E-01 -3.93094238E-01  3.20519479E-01
       1     551    2.19621020E+00 -8.61826210E-01  3.93093263E-01 -3.20520314E-01
       1     552    2.19621020E+00 -8.61826210E-01  3.93093263E-01 -3.20520314E-01
       1     553    2.19620980E+00  8.61826075E-01 -3.93094238E-01  3.20519479E-01
       1     554    2.19620980E+00  8.61826075E-01 -3.93094238E-01  3.20519479E-01
       1     555    2.19621020E+00 -8.61826210E-01  3.93093263E-01 -3.20520314E-01
       1     556    2.19621020E+00 -8.61826210E-01  3.93093263E-01 -3.20520314E-01
       1     557    2.19620980E+00  8.61826075E-01 -3.93094238E-01  3.20519479E-01
       1     558    2.19620980E+00  8.61826075E-01 -3.93094238E-01  3.20519479E-01
       1     559    2.19621020E+00 -8.61826210E-01  3.93093263E-01 -3.20520314E-01
       1     560    2.19621020E+00 -8.61826210E-01  3.93093263E-01 -3.20520314E-01
       1     561    2.19620980E+00  8.61826075E-01 -3.93094238E-01  3.20519479E-01
       1     562    2.19620980E+00  8.61826075E-01 -3.93094238E-01  3.20519479E-01
       1     563    2.19621020E+00 -8.61826210E-01  3.93093263E-01 -3.20520314E-01
       1     564    2.19621020E+00 -8.61826210E-01  3.93093263E-01 -3.20520314E-01
       1     565    2.19620980E+00  8.61826075E-01 -3.93094238E-01  3.20519479E-01
       1     566    2.19620980E+00  8.61826075E-01 -3.93094238E-01  3.20519479E-01
       1     567    2.19621020E+00 -8.61826210E-01  3.93093263E-01 -3.20520314E-01
       1     568    2.19621020E+00 -8.61826210E-01  3.93093263E-01 -3.20520314E-01
       1     569    2.19620980E+00  8.61826075E-01 -3.93094238E-01  3.20519479E-01
       1     570    2.19620980E+00  8.61826075E-01 -3.93094238E-01  3.20519479E-01
       1     571    2.19621020E+00 -8.61826210E-01  3.93093263E-01 -3.20520314E-01
       1     572    2.19621020E+00 -8.61826210E-01  3.93093263E-01 -3.20520314E-01
       1     573    2.19620980E+00  8.61826075E-01 -3.93094238E-01  3.20519479E-01
       1     574    2.19620980E+00  8.61826075E-01 -3.93094238E-01  3.20519479E-01
       1     575    2.19621020E+00 -8.61826210E-01  3.93093263E-01 -3.20520314E-01
       1     576    2.19621020E+00 -8.61826210E-01  3.93093263E-01 -3.20520314E-01
       1     577    2.19620980E+00  8.69800827E-01 -3.84505174E-01  3.09196204E-01
       1     578    2.19620980E+00  8.69800827E-01 -3.84505174E-01  3.09196204E-01
       1     579    2.19621020E+00 -8.69800692E-01  3.84506150E-01 -3.09195370E-01
       1     580    2.19621020E+00 -8.69800692E-01  3.84506150E-01 -3.09195370E-01
       1     581    2.19620980E+00  8.69800827E-01 -3.84505174E-01  3.09196204E-01
       1     582    2.19620980E+00  8.69800827E-01 -3.84505174E-01  3.09196204E-01
       1     583    2.19621020E+00 -8.69800692E-01  3.84506150E-01 -3.09195370E-01
       1     584    2.19621020E+00 -8.69800692E-01  3.84506150E-01 -3.09195370E-01
       1     585    2.19620980E+00  8.69800827E-01 -3.84505174E-01  3.09196204E-01
       1     586    2.19620980E+00  8.69800827E-01 -3.84505174E-01  3.09196204E-01
       1     587    2.19621020E+00 -8.69800692E-01  3.84506150E-01 -3.09195370E-01
       1     588    2.19621020E+00 -8.69800692E-01  3.84506150E-01 -3.09195370E-01
       1     589    2.19620980E+00  8.69800827E-01 -3.84505174E-01  3.09196204E-01
       1     590    2.19620980E+00  8.69800827E-01 -3.84505174E-01  3.09196204E-01
       1     591    2.19621020E+00 -8.69800692E-01  3.84506150E-01 -3.09195370E-01
       1     592    2.19621020E+00 -8.69800692E-01  3.84506150E-01 -3.09195370E-01
       1     593    2.19620980E+00  8.69800827E-01 -3.84505174E-01  3.09196204E-01
       1     594    2.19620980E+00  8.69800827E-01 -3.84505174E-01  3.09196204E-01
       1     595    2.19621020E+00 -8.69800692E-01  3.84506150E-01 -3.09195370E-01
       1     596    2.19621020E+00 -8.69800692E-01  3.84506150E-01 -3.09195370E-01
       1     597    2.19620980E+00  8.69800827E-01 -3.84505174E-01  3.09196204E-01
       1     598    2.19620980E+00  8.69800827E-01 -3.84505174E-01  3.09196204E-01
       1     599    2.19621020E+00 -8.69800692E-01  3.84506150E-01 -3.09195370E-01
       1     600    2.19621020E+00 -8.69800692E-01  3.84506150E-01 -3.09195370E-01
       1     601    2.19620980E+00  8.69800827E-01 -3.84505174E-01  3.09196204E-01
       1     602    2.19620980E+00  8.69800827E-01 -3.84505174E-01  3.09196204E-01
       1     603    2.19621020E+00 -8.69800692E-01  3.84506150E-01 -3.09195370E-01
       1     604    2.19621020E+00 -8.69800692E-01  3.84506150E-01 -3.09195370E-01
       1     605    2.19620980E+00  8.69800827E-01 -3.84505174E-01  3.09196204E-01
       1     606    2.19620980E+00  8.69800827E-01 -3.84505174E-01  3.09196204E-01
       1     607    2.19621020E+00 -8.69800692E-01  3.84506150E-01 -3.09195370E-01
       1     608    2.19621020E+00 -8.69800692E-01  3.84506150E-01 -3.09195370E-01
       1     609    2.19620980E+00  8.69800827E-01 -3.84505174E-01  3.09196204E-01
       1     610    2.19620980E+00  8.69800827E-01 -3.84505174E-01  3.09196204E-01
       1     611    2.19621020E+00 -8.69800692E-01  3.84506150E-01 -3.09195370E-01
       1     612    2.19621020E+00 -8.69800692E-01  3.84506150E-01 -3.09195370E-01
       1     613    2.19620980E+00  8.69800827E-01 -3.84505174E-01  3.09196204E-01
       1     614    2.19620980E+00  8.69800827E-01 -3.84505174E-01  3.09196204E-01
       1     615    2.19621020E+00 -8.69800692E-01  3.84506150E-01 -3.09195370E-01
       1     616    2.19621020E+00 -8.69800692E-01  3.84506150E-01 -3.09195370E-01
       1     617    2.19620980E+00  8.69800827E-01 -3.84505174E-01  3.09196204E-01
       1     618    2.19620980E+00  8.69800827E-01 -3.84505174E-01  3.09196204E-01
       1     619    2.19621020E+00 -8.69800692E-01  3.84506150E-01 -3.09195370E-01
       1     620    2.19621020E+00 -8.69800692E-01  3.84506150E-01 -3.09195370E-01
       1     621    2.19620980E+00  8.69800827E-01 -3.84505174E-01  3.09196204E-01
       1     622    2.19620980E+00  8.69800827E-01 -3.84505174E-01  3.09196204E-01
       1     623    2.19621020E+00 -8.69800692E-01  3.84506150E-01 -3.09195370E-01
       1     624    2.19621020E+00 -8.69800692E-01  3.84506150E-01 -3.09195370E-01
       1     625    2.19620980E+00  8.69800827E-01 -3.84505174E-01  3.09196204E-01
       1     626    2.19620980E+00  8.69800827E-01 -3.84505174E-01  3.09196204E-01
       1     627    2.19621020E+00 -8.69800692E-01  3.84506150E-01 -3.09195370E-01
       1     628    2.19621020E+00 -8.69800692E-01  3.84506150E-01 -3.09195370E-01
       1     629    2.19620980E+00  8.69800827E-01 -3.84505174E-01  3.09196204E-01
       1     630    2.19620980E+00  8.69800827E-01 -3.84505174E-01  3.09196204E-01
       1     631    2.19621020E+00 -8.69800692E-01  3.84506150E-01 -3.09195370E-01
       1     632    2.19621020E+00 -8.69800692E-01  3.84506150E-01 -3.09195370E-01
       1     633    2.19620980E+00  8.69800827E-01 -3.84505174E-01  3.09196204E-01
       1     634    2.19620980E+00  8.69800827E-01 -3.84505174E-01  3.09196204E-01
       1     635    2.19621020E+00 -8.69800692E-01  3.84506150E-01 -3.09195370E-01
       1     636    2.19621020E+00 -8.69800692E-01  3.84506150E-01 -3.09195370E-01
       1     637    2.19620980E+00  8.69800827E-01 -3.84505174E-01  3.09196204E-01
       1     638    2.19620980E+00  8.69800827E-01 -3.84505174E-01  3.09196204E-01
       1     639    2.19621020E+00 -8.69800692E-01  3.84506150E-01 -3.09195370E-01
       1     640    2.19621020E+00 -8.69800692E-01  3.84506150E-01 -3.09195370E-01
       1     641    2.19620980E+00  8.69800827E-01 -3.84505174E-01  3.09196204E-01
       1     642    2.19620980E+00  8.69800827E-01 -3.84505174E-01  3.09196204E-01
       1     643    2.19621020E+00 -8.69800692E-01  3.84506150E-01 -3.09195370E-01
       1     644    2.19621020E+00 -8.69800692E-01  3.84506150E-01 -3.09195370E-01
       1     645    2.19620980E+00  8.69800827E-01 -3.84505174E-01  3.09196204E-01
       1     646    2.19620980E+00  8.69800827E-01 -3.84505174E-01  3.09196204E-01
       1     647    2.19621020E+00 -8.69800692E-01  3.84506150E-01 -3.09195370E-01
       1     648    2.19621020E+00 -8.69800692E-01  3.84506150E-01 -3.09195370E-01
       1     649    2.19620980E+00  8.69800827E-01 -3.84505174E-01  3.09196204E-01
       1     650    2.19620980E+00  8.69800827E-01 -3.84505174E-01  3.09196204E-01
       1     651    2.19621020E+00 -8.69800692E-01  3.84506150E-01 -3.09195370E-01
       1     652    2.19621020E+00 -8.69800692E-01  3.84506150E-01 -3.09195370E-01
       1     653    2.19620980E+00  8.69800827E-01 -3.84505174E-01  3.09196204E-01
       1     654    2.19620980E+00  8.69800827E-01 -3.84505174E-01  3.09196204E-01
       1     655    2.19621020E+00 -8.69800692E-01  3.84506150E-01 -3.09195370E-01
       1     656    2.19621020E+00 -8.69800692E-01  3.84506150E-01 -3.09195370E-01
       1     657    2.19620980E+00  8.69800827E-01 -3.84505174E-01  3.09196204E-01
       1     658    2.19620980E+00  8.69800827E-01 -3.84505174E-01  3.09196204E-01
       1     659    2.19621020E+00 -8.69800692E-01  3.84506150E-01 -3.09195370E-01
       1     660    2.19621020E+00 -8.69800692E-01  3.84506150E-01 -3.09195370E-01
       1     661    2.19620980E+00  8.69800827E-01 -3.84505174E-01  3.09196204E-01
       1     662    2.19620980E+00  8.69800827E-01 -3.84505174E-01  3.09196204E-01
       1     663    2.19621020E+00 -8.69800692E-01  3.84506150E-01 -3.09195370E-01
       1     664    2.19621020E+00 -8.69800692E-01  3.84506150E-01 -3.09195370E-01
       1     665    2.19620980E+00  8.69800827E-01 -3.84505174E-01  3.09196204E-01
       1     666    2.19620980E+00  8.69800827E-01 -3.84505174E-01  3.09196204E-01
       1     667    2.19621020E+00 -8.69800692E-01  3.84506150E-01 -3.09195370E-01
       1     668    2.19621020E+00 -8.69800692E-01  3.84506150E-01 -3.09195370E-01
       1     669    2.19620980E+00  8.69800827E-01 -3.84505174E-01  3.09196204E-01
       1     670    2.19620980E+00  8.69800827E-01 -3.84505174E-01  3.09196204E-01
       1     671    2.19621020E+00 -8.69800692E-01  3.84506150E-01 -3.09195370E-01
       1     672    2.19621020E+00 -8.69800692E-01  3.84506150E-01 -3.09195370E-01
       1     673    2.19620980E+00  8.69800827E-01 -3.84505174E-01  3.09196204E-01
       1     674    2.19620980E+00  8.69800827E-01 -3.84505174E-01  3.09196204E-01
       1     675    2.19621020E+00 -8.69800692E-01  3.84506150E-01 -3.09195370E-01
       1     676    2.19621020E+00 -8.69800692E-01  3.84506150E-01 -3.09195370E-01
       1     677    2.19620980E+00  8.69800827E-01 -3.84505174E-01  3.09196204E-01
       1     678    2.19620980E+00  8.69800827E-01 -3.84505174E-01  3.09196204E-01
       1     679    2.19621020E+00 -8.69800692E-01  3.84506150E-01 -3.09195370E-01
       1     680    2.19621020E+00 -8.69800692E-01  3.84506150E-01 -3.09195370E-01
       1     681    2.19620980E+00  8.69800827E-01 -3.84505174E-01  3.09196204E-01
       1     682    2.19620980E+00  8.69800827E-01 -3.84505174E-01  3.09196204E-01
       1     683    2.19621020E+00 -8.69800692E-01  3.84506150E-01 -3.09195370E-01
       1     684    2.19621020E+00 -8.69800692E-01  3.84506150E-01 -3.09195370E-01
       1     685    2.19620980E+00  8.69800827E-01 -3.84505174E-01  3.09196204E-01
       1     686    2.19620980E+00  8.69800827E-01 -3.84505174E-01  3.09196204E-01
       1     687    2.19621020E+00 -8.69800692E-01  3.84506150E-01 -3.09195370E-01
       1     688    2.19621020E+00 -8.69800692E-01  3.84506150E-01 -3.09195370E-01
       1     689    2.19620980E+00  8.69800827E-01 -3.84505174E-01  3.09196204E-01
       1     690    2.19620980E+00  8.69800827E-01 -3.84505174E-01  3.09196204E-01
       1     691    2.19621020E+00 -8.69800692E-01  3.84506150E-01 -3.09195370E-01
       1     692    2.19621020E+00 -8.69800692E-01  3.84506150E-01 -3.09195370E-01
       1     693    2.19620980E+00  8.69800827E-01 -3.84505174E-01  3.09196204E-01
       1     694    2.19620980E+00  8.69800827E-01 -3.84505174E-01  3.09196204E-01
       1     695    2.19621020E+00 -8.69800692E-01  3.84506150E-01 -3.09195370E-01
       1     696    2.19621020E+00 -8.69800692E-01  3.84506150E-01 -3.09195370E-01
       1     697    2.19620980E+00  8.69800827E-01 -3.84505174E-01  3.09196204E-01
       1     698    2.19620980E+00  8.69800827E-01 -3.84505174E-01  3.09196204E-01
       1     699    2.19621020E+00 -8.69800692E-01  3.84506150E-01 -3.09195370E-01
       1     700    2.19621020E+00 -8.69800692E-01  3.84506150E-01 -3.09195370E-01
       1     701    2.19620980E+00  8.69800827E-01 -3.84505174E-01  3.09196204E-01
       1     702    2.19620980E+00  8.69800827E-01 -3.84505174E-01  3.09196204E-01
       1     703    2.19621020E+00 -8.69800692E-01  3.84506150E-01 -3.09195370E-01
       1     704    2.19621020E+00 -8.69800692E-01  3.84506150E-01 -3.09195370E-01
       1     705    2.19620980E+00  8.69800827E-01 -3.84505174E-01  3.09196204E-01
       1     706    2.19620980E+00  8.69800827E-01 -3.84505174E-01  3.09196204E-01
       1     707    2.19621020E+00 -8.69800692E-01  3.84506150E-01 -3.09195370E-01
       1     708    2.19621020E+00 -8.69800692E-01  3.84506150E-01 -3.09195370E-01
       1     709    2.19620980E+00  8.69800827E-01 -3.84505174E-01  3.09196204E-01
       1     710    2.19620980E+00  8.69800827E-01 -3.84505174E-01  3.09196204E-01
       1     711    2.19621020E+00 -8.69800692E-01  3.84506150E-01 -3.09195370E-01
       1     712    2.19621020E+00 -8.69800692E-01  3.84506150E-01 -3.09195370E-01
       1     713    2.19620980E+00  8.69800827E-01 -3.84505174E-01  3.09196204E-01
       1     714    2.19620980E+00  8.69800827E-01 -3.84505174E-01  3.09196204E-01
       1     715    2.19621020E+00 -8.69800692E-01  3.84506150E-01 -3.09195370E-01
       1     716    2.19621020E+00 -8.69800692E-01  3.84506150E-01 -3.09195370E-01
       1     717    2.19620980E+00  8.69800827E-01 -3.84505174E-01  3.09196204E-01
       1     718    2.19620980E+00  8.69800827E-01 -3.84505174E-01  3.09196204E-01
       1     719    2.19621020E+00 -8.69800692E-01  3.84506150E-01 -3.09195370E-01
       1     720    2.19621020E+00 -8.69800692E-01  3.84506150E-01 -3.09195370E-01
       1     721    2.19620980E+00  8.61826075E-01 -3.93094238E-01  3.20519479E-01
       1     722    2.19620980E+00  8.61826075E-01 -3.93094238E-01  3.20519479E-01
       1     723    2.19621020E+00 -8.61826210E-01  3.93093263E-01 -3.20520314E-01
       1     724    2.19621020E+00 -8.61826210E-01  3.93093263E-01 -3.20520314E-01
       1     725    2.19620980E+00  8.61826075E-01 -3.93094238E-01  3.20519479E-01
       1     726    2.19620980E+00  8.61826075E-01 -3.93094238E-01  3.20519479E-01
       1     727    2.19621020E+00 -8.61826210E-01  3.93093263E-01 -3.20520314E-01
       1     728    2.19621020E+00 -8.61826210E-01  3.93093263E-01 -3.20520314E-01
       1     729    2.19620980E+00  8.61826075E-01 -3.93094238E-01  3.20519479E-01
       1     730    2.19620980E+00  8.61826075E-01 -3.93094238E-01  3.20519479E-01
       1     731    2.19621020E+00 -8.61826210E-01  3.93093263E-01 -3.20520314E-01
       1     732    2.19621020E+00 -8.61826210E-01  3.93093263E-01 -3.20520314E-01
       1     733    2.19620980E+00  8.61826075E-01 -3.93094238E-01  3.20519479E-01
       1     734    2.19620980E+00  8.61826075E-01 -3.93094238E-01  3.20519479E-01
       1     735    2.19621020E+00 -8.61826210E-01  3.93093263E-01 -3.20520314E-01
       1     736    2.19621020E+00 -8.61826210E-01  3.93093263E-01 -3.20520314E-01
       1     737    2.19620980E+00  8.61826075E-01 -3.93094238E-01  3.20519479E-01
       1     738    2.19620980E+00  8.61826075E-01 -3.93094238E-01  3.20519479E-01
       1     739    2.19621020E+00 -8.61826210E-01  3.93093263E-01 -3.20520314E-01
       1     740    2.19621020E+00 -8.61826210E-01  3.93093263E-01 -3.20520314E-01
       1     741    2.19620980E+00  8.61826075E-01 -3.93094238E-01  3.20519479E-01
       1     742    2.19620980E+00  8.61826075E-01 -3.93094238E-01  3.20519479E-01
       1     743    2.19621020E+00 -8.61826210E-01  3.93093263E-01 -3.20520314E-01
       1     744    2.19621020E+00 -8.61826210E-01  3.93093263E-01 -3.20520314E-01
       1     745    2.19620980E+00  8.61826075E-01 -3.93094238E-01  3.20519479E-01
       1     746    2.19620980E+00  8.61826075E-01 -3.93094238E-01  3.20519479E-01
       1     747    2.19621020E+00 -8.61826210E-01  3.93093263E-01 -3.20520314E-01
       1     748    2.19621020E+00 -8.61826210E-01  3.93093263E-01 -3.20520314E-01
       1     749    2.19620980E+00  8.61826075E-01 -3.93094238E-01  3.20519479E-01
       1     750    2.19620980E+00  8.61826075E-01 -3.93094238E-01  3.20519479E-01
       1     751    2.19621020E+00 -8.61826210E-01  3.93093263E-01 -3.20520314E-01
       1     752    2.19621020E+00 -8.61826210E-01  3.93093263E-01 -3.20520314E-01
       1     753    2.19620980E+00  8.61826075E-01 -3.93094238E-01  3.20519479E-01
       1     754    2.19620980E+00  8.61826075E-01 -3.93094238E-01  3.20519479E-01
       1     755    2.19621020E+00 -8.61826210E-01  3.93093263E-01 -3.20520314E-01
       1     756    2.19621020E+00 -8.61826210E-01  3.93093263E-01 -3.20520314E-01
       1     757    2.19620980E+00  8.61826075E-01 -3.93094238E-01  3.20519479E-01
       1     758    2.19620980E+00  8.61826075E-01 -3.93094238E-01  3.20519479E-01
       1     759    2.19621020E+00 -8.61826210E-01  3.93093263E-01 -3.20520314E-01
       1     760    2.19621020E+00 -8.61826210E-01  3.93093263E-01 -3.20520314E-01
       1     761    2.19620980E+00  8.61826075E-01 -3.93094238E-01  3.20519479E-01
       1     762    2.19620980E+00  8.61826075E-01 -3.93094238E-01  3.20519479E-01
       1     763    2.19621020E+00 -8.61826210E-01  3.93093263E-01 -3.20520314E-01
       1     764    2.19621020E+00 -8.61826210E-01  3.93093263E-01 -3.20520314E-01
       1     765    2.19620980E+00  8.61826075E-01 -3.93094238E-01  3.20519479E-01
       1     766    2.19620980E+00  8.61826075E-01 -3.93094238E-01  3.20519479E-01
       1     767    2.19621020E+00 -8.61826210E-01  3.93093263E-01 -3.20520314E-01
       1     768    2.19621020E+00 -8.61826210E-01  3.93093263E-01 -3.20520314E-01
       1     769    2.19620980E+00  8.61826075E-01 -3.93094238E-01  3.20519479E-01
       1     770    2.19620980E+00  8.61826075E-01 -3.93094238E-01  3.20519479E-01
       1     771    2.19621020E+00 -8.61826210E-01  3.93093263E-01 -3.20520314E-01
       1     772    2.19621020E+00 -8.61826210E-01  3.93093263E-01 -3.20520314E-01
       1     773    2.19620980E+00  8.61826075E-01 -3.93094238E-01  3.20519479E-01
       1     774    2.19620980E+00  8.61826075E-01 -3.93094238E-01  3.20519479E-01
       1     775    2.19621020E+00 -8.61826210E-01  3.93093263E-01 -3.20520314E-01
       1     776    2.19621020E+00 -8.61826210E-01  3.93093263E-01 -3.20520314E-01
       1     777    2.19620980E+00  8.61826075E-01 -3.93094238E-01  3.20519479E-01
       1     778    2.19620980E+00  8.61826075E-01 -3.93094238E-01  3.20519479E-01
       1     779    2.19621020E+00 -8.61826210E-01  3.93093263E-01 -3.20520314E-01
       1     780    2.19621020E+00 -8.61826210E-01  3.93093263E-01 -3.20520314E-01
       1     781    2.19620980E+00  8.61826075E-01 -3.93094238E-01  3.20519479E-01
       1     782    2.19620980E+00  8.61826075E-01 -3.93094238E-01  3.20519479E-01
       1     783    2.19621020E+00 -8.61826210E-01  3.93093263E-01 -3.20520314E-01
       1     784    2.19621020E+00 -8.61826210E-01  3.93093263E-01 -3.20520314E-01
       1     785    2.19620980E+00  8.61826075E-01 -3.93094238E-01  3.20519479E-01
       1     786    2.19620980E+00  8.61826075E-01 -3.93094238E-01  3.20519479E-01
       1     787    2.19621020E+00 -8.61826210E-01  3.93093263E-01 -3.20520314E-01
       1     788    2.19621020E+00 -8.61826210E-01  3.93093263E-01 -3.20520314E-01
       1     789    2.19620980E+00  8.61826075E-01 -3.93094238E-01  3.20519479E-01
       1     790    2.19620980E+00  8.61826075E-01 -3.93094238E-01  3.20519479E-01
       1     791    2.19621020E+00 -8.61826210E-01  3.93093263E-01 -3.20520314E-01
       1     792    2.19621020E+00 -8.61826210E-01  3.93093263E-01 -3.20520314E-01
       1     793    2.19620980E+00  8.61826075E-01 -3.93094238E-01  3.20519479E-01
       1     794    2.19620980E+00  8.61826075E-01 -3.93094238E-01  3.20519479E-01
       1     795    2.19621020E+00 -8.61826210E-01  3.93093263E-01 -3.20520314E-01
       1     796    2.19621020E+00 -8.61826210E-01  3.93093263E-01 -3.20520314E-01
       1     797    2.19620980E+00  8.61826075E-01 -3.93094238E-01  3.20519479E-01
       1     798    2.19620980E+00  8.61826075E-01 -3.93094238E-01  3.20519479E-01
       1     799    2.19621020E+00 -8.61826210E-01  3.93093263E-01 -3.20520314E-01
       1     800    2.19621020E+00 -8.61826210E-01  3.93093263E-01 -3.20520314E-01
       1     801    2.19620980E+00  8.61826075E-01 -3.93094238E-01  3.20519479E-01
       1     802    2.19620980E+00  8.61826075E-01 -3.93094238E-01  3.20519479E-01
       1     803    2.19621020E+00 -8.61826210E-01  3.93093263E-01 -3.20520314E-01
       1     804    2.19621020E+00 -8.61826210E-01  3.93093263E-01 -3.20520314E-01
       1     805    2.19620980E+00  8.61826075E-01 -3.93094238E-01  3.20519479E-01
       1     806    2.19620980E+00  8.61826075E-01 -3.93094238E-01  3.20519479E-01
       1     807    2.19621020E+00 -8.61826210E-01  3.93093263E-01 -3.20520314E-01
       1     808    2.19621020E+00 -8.61826210E-01  3.93093263E-01 -3.20520314E-01
       1     809    2.19620980E+00  8.61826075E-01 -3.93094238E-01  3.20519479E-01
       1     810    2.19620980E+00  8.61826075E-01 -3.93094238E-01  3.20519479E-01
       1     811    2.19621020E+00 -8.61826210E-01  3.93093263E-01 -3.20520314E-01
       1     812    2.19621020E+00 -8.61826210E-01  3.93093263E-01 -3.20520314E-01
       1     813    2.19620980E+00  8.61826075E-01 -3.93094238E-01  3.20519479E-01
       1     814    2.19620980E+00  8.61826075E-01 -3.93094238E-01  3.20519479E-01
       1     815    2.19621020E+00 -8.61826210E-01  3.93093263E-01 -3.20520314E-01
       1     816    2.19621020E+00 -8.61826210E-01  3.93093263E-01 -3.20520314E-01
       1     817    2.19620980E+00  8.61826075E-01 -3.93094238E-01  3.20519479E-01
       1     818    2.19620980E+00  8.61826075E-01 -3.93094238E-01  3.20519479E-01
       1     819    2.19621020E+00 -8.61826210E-01  3.93093263E-01 -3.20520314E-01
       1     820    2.19621020E+00 -8.61826210E-01  3.93093263E-01 -3.20520314E-01
       1     821    2.19620980E+00  8.61826075E-01 -3.93094238E-01  3.20519479E-01
       1     822    2.19620980E+00  8.61826075E-01 -3.93094238E-01  3.20519479E-01
       1     823    2.19621020E+00 -8.61826210E-01  3.93093263E-01 -3.20520314E-01
       1     824    2.19621020E+00 -8.61826210E-01  3.93093263E-01 -3.20520314E-01
       1     825    2.19620980E+00  8.61826075E-01 -3.93094238E-01  3.20519479E-01
       1     826    2.19620980E+00  8.61826075E-01 -3.93094238E-01  3.20519479E-01
       1     827    2.19621020E+00 -8.61826210E-01  3.93093263E-01 -3.20520314E-01
       1     828    2.19621020E+00 -8.61826210E-01  3.93093263E-01 -3.20520314E-01
       1     829    2.19620980E+00  8.61826075E-01 -3.93094238E-01  3.20519479E-01
       1     830    2.19620980E+00  8.61826075E-01 -3.93094238E-01  3.20519479E-01
       1     831    2.19621020E+00 -8.61826210E-01  3.93093263E-01 -3.20520314E-01
       1     832    2.19621020E+00 -8.61826210E-01  3.93093263E-01 -3.20520314E-01
       1     833    2.19620980E+00  8.61826075E-01 -3.93094238E-01  3.20519479E-01
       1     834    2.19620980E+00  8.61826075E-01 -3.93094238E-01  3.20519479E-01
       1     835    2.19621020E+00 -8.61826210E-01  3.93093263E-01 -3.20520314E-01
       1     836    2.19621020E+00 -8.61826210E-01  3.93093263E-01 -3.20520314E-01
       1     837    2.19620980E+00  8.61826075E-01 -3.93094238E-01  3.20519479E-01
       1     838    2.19620980E+00  8.61826075E-01 -3.93094238E-01  3.20519479E-01
       1     839    2.19621020E+00 -8.61826210E-01  3.93093263E-01 -3.20520314E-01
       1     840    2.19621020E+00 -8.61826210E-01  3.93093263E-01 -3.20520314E-01
       1     841    2.19620980E+00  8.61826075E-01 -3.93094238E-01  3.20519479E-01
       1     842    2.19620980E+00  8.61826075E-01 -3.93094238E-01  3.20519479E-01
       1     843    2.19621020E+00 -8.61826210E-01  3.93093263E-01 -3.20520314E-01
       1     844    2.19621020E+00 -8.61826210E-01  3.93093263E-01 -3.20520314E-01
       1     845    2.19620980E+00  8.61826075E-01 -3.93094238E-01  3.20519479E-01
       1     846    2.19620980E+00  8.61826075E-01 -3.93094238E-01  3.20519479E-01
       1     847    2.19621020E+00 -8.61826210E-01  3.93093263E-01 -3.20520314E-01
       1     848    2.19621020E+00 -8.61826210E-01  3.93093263E-01 -3.20520314E-01
       1     849    2.19620980E+00  8.61826075E-01 -3.93094238E-01  3.20519479E-01
       1     850    2.19620980E+00  8.61826075E-01 -3.93094238E-01  3.20519479E-01
       1     851    2.19621020E+00 -8.61826210E-01  3.93093263E-01 -3.20520314E-01
       1     852    2.19621020E+00 -8.61826210E-01  3.93093263E-01 -3.20520314E-01
       1     853    2.19620980E+00  8.61826075E-01 -3.93094238E-01  3.20519479E-01
       1     854    2.19620980E+00  8.61826075E-01 -3.93094238E-01  3.20519479E-01
       1     855    2.19621020E+00 -8.61826210E-01  3.93093263E-01 -3.20520314E-01
       1     856    2.19621020E+00 -8.61826210E-01  3.93093263E-01 -3.20520314E-01
       1     857    2.19620980E+00  8.61826075E-01 -3.93094238E-01  3.20519479E-01
       1     858    2.19620980E+00  8.61826075E-01 -3.93094238E-01  3.20519479E-01
       1     859    2.19621020E+00 -8.61826210E-01  3.93093263E-01 -3.20520314E-01
       1     860    2.19621020E+00 -8.61826210E-01  3.93093263E-01 -3.20520314E-01
       1     861    2.19620980E+00  8.61826075E-01 -3.93094238E-01  3.20519479E-01
       1     862    2.19620980E+00  8.61826075E-01 -3.93094238E-01  3.20519479E-01
       1     863    2.19621020E+00 -8.61826210E-01  3.93093263E-01 -3.20520314E-01
       1     864    2.19621020E+00 -8.61826210E-01  3.93093263E-01 -3.20520314E-01
