   1   1  -1  -1  -1  14   1     -0.8734808     -0.7718051     -0.7718051     -0.7718051     -0.8734808     -0.7718051     -0.7718051     -0.7718051     -0.8734808
   1   1   0  -1  -1  14   2     -1.0973772     -0.0000000     -0.0000000      0.0000000      0.0593011      0.0000000     -0.0000000     -0.0000000      0.0593011
   1   1   1  -1  -1  14   3      0.0466597     -0.0000000     -0.0000000     -0.0000000     -0.1157651     -0.1283129     -0.0000000     -0.1283129     -0.1157651
   1   1  -1   0  -1  14   4      0.0593011     -0.0000000      0.0000000     -0.0000000     -1.0973772      0.0000000      0.0000000      0.0000000      0.0593011
   1   1   0   0  -1  14   5     -0.8734808     -0.7718051      0.7718051     -0.7718051     -0.8734808      0.7718051      0.7718051      0.7718051     -0.8734808
   1   1   1   0  -1  14   6     -0.1157651     -0.0000000      0.1283129      0.0000000      0.0466597     -0.0000000      0.1283129     -0.0000000     -0.1157651
   1   1  -1   1  -1  14   7     -0.1157651      0.0000000     -0.1283129     -0.0000000      0.0466597     -0.0000000     -0.1283129     -0.0000000     -0.1157651
   1   1   0   1  -1  14   8      0.0466597     -0.0000000      0.0000000     -0.0000000     -0.1157651      0.1283129      0.0000000      0.1283129     -0.1157651
   1   1   1   1  -1  14   9     -0.1157651     -0.1283129      0.0000000     -0.1283129     -0.1157651      0.0000000      0.0000000      0.0000000      0.0466597
   1   1  -1  -1   0  14  10      0.0593011      0.0000000     -0.0000000      0.0000000      0.0593011     -0.0000000      0.0000000      0.0000000     -1.0973772
   1   1   0  -1   0  14  11     -0.8734808      0.7718051     -0.7718051      0.7718051     -0.8734808      0.7718051     -0.7718051      0.7718051     -0.8734808
   1   1   1  -1   0  14  12     -0.1157651      0.1283129     -0.0000000      0.1283129     -0.1157651      0.0000000     -0.0000000      0.0000000      0.0466597
   1   1  -1   0   0  14  13     -0.8734808      0.7718051      0.7718051      0.7718051     -0.8734808     -0.7718051      0.7718051     -0.7718051     -0.8734808
   1   1   0   0   0  14  14      9.6848781      0.0000000      0.0000000      0.0000000      9.6848781      0.0000000      0.0000000     -0.0000000      9.6848781
   1   1   1   0   0  14  15     -0.8734808      0.7718051      0.7718051      0.7718051     -0.8734808     -0.7718051      0.7718051     -0.7718051     -0.8734808
   1   1  -1   1   0  14  16     -0.1157651      0.1283129     -0.0000000      0.1283129     -0.1157651      0.0000000     -0.0000000      0.0000000      0.0466597
   1   1   0   1   0  14  17     -0.8734808      0.7718051     -0.7718051      0.7718051     -0.8734808      0.7718051     -0.7718051      0.7718051     -0.8734808
   1   1   1   1   0  14  18      0.0593011      0.0000000      0.0000000      0.0000000      0.0593011     -0.0000000      0.0000000      0.0000000     -1.0973772
   1   1  -1  -1   1  14  19     -0.1157651     -0.1283129      0.0000000     -0.1283129     -0.1157651      0.0000000      0.0000000      0.0000000      0.0466597
   1   1   0  -1   1  14  20      0.0466597     -0.0000000      0.0000000     -0.0000000     -0.1157651      0.1283129      0.0000000      0.1283129     -0.1157651
   1   1   1  -1   1  14  21     -0.1157651      0.0000000     -0.1283129     -0.0000000      0.0466597     -0.0000000     -0.1283129     -0.0000000     -0.1157651
   1   1  -1   0   1  14  22     -0.1157651     -0.0000000      0.1283129      0.0000000      0.0466597     -0.0000000      0.1283129     -0.0000000     -0.1157651
   1   1   0   0   1  14  23     -0.8734808     -0.7718051      0.7718051     -0.7718051     -0.8734808      0.7718051      0.7718051      0.7718051     -0.8734808
   1   1   1   0   1  14  24      0.0593011     -0.0000000      0.0000000     -0.0000000     -1.0973772      0.0000000      0.0000000      0.0000000      0.0593011
   1   1  -1   1   1  14  25      0.0466597     -0.0000000     -0.0000000     -0.0000000     -0.1157651     -0.1283129     -0.0000000     -0.1283129     -0.1157651
   1   1   0   1   1  14  26     -1.0973772     -0.0000000     -0.0000000     -0.0000000      0.0593011      0.0000000     -0.0000000     -0.0000000      0.0593011
   1   1   1   1   1  14  27     -0.8734808     -0.7718051     -0.7718051     -0.7718051     -0.8734808     -0.7718051     -0.7718051     -0.7718051     -0.8734808
