   1   1  -1  -1  -1     -0.8734808     -0.7718051     -0.7718051     -0.7718051     -0.8734808     -0.7718051     -0.7718051     -0.7718051     -0.8734808
   1   1   0  -1  -1     -1.0973772     -0.0000000     -0.0000000      0.0000000      0.0593011      0.0000000     -0.0000000     -0.0000000      0.0593011
   1   1   1  -1  -1      0.0466597     -0.0000000     -0.0000000     -0.0000000     -0.1157651     -0.1283129     -0.0000000     -0.1283129     -0.1157651
   1   1  -1   0  -1      0.0593011     -0.0000000      0.0000000     -0.0000000     -1.0973772      0.0000000      0.0000000      0.0000000      0.0593011
   1   1   0   0  -1     -0.8734808     -0.7718051      0.7718051     -0.7718051     -0.8734808      0.7718051      0.7718051      0.7718051     -0.8734808
   1   1   1   0  -1     -0.1157651     -0.0000000      0.1283129      0.0000000      0.0466597     -0.0000000      0.1283129     -0.0000000     -0.1157651
   1   1  -1   1  -1     -0.1157651      0.0000000     -0.1283129     -0.0000000      0.0466597     -0.0000000     -0.1283129     -0.0000000     -0.1157651
   1   1   0   1  -1      0.0466597     -0.0000000      0.0000000     -0.0000000     -0.1157651      0.1283129      0.0000000      0.1283129     -0.1157651
   1   1   1   1  -1     -0.1157651     -0.1283129      0.0000000     -0.1283129     -0.1157651      0.0000000      0.0000000      0.0000000      0.0466597
   1   1  -1  -1   0      0.0593011      0.0000000     -0.0000000      0.0000000      0.0593011     -0.0000000      0.0000000      0.0000000     -1.0973772
   1   1   0  -1   0     -0.8734808      0.7718051     -0.7718051      0.7718051     -0.8734808      0.7718051     -0.7718051      0.7718051     -0.8734808
   1   1   1  -1   0     -0.1157651      0.1283129     -0.0000000      0.1283129     -0.1157651      0.0000000     -0.0000000      0.0000000      0.0466597
   1   1  -1   0   0     -0.8734808      0.7718051      0.7718051      0.7718051     -0.8734808     -0.7718051      0.7718051     -0.7718051     -0.8734808
   1   1   0   0   0      9.6848781      0.0000000      0.0000000      0.0000000      9.6848781      0.0000000      0.0000000     -0.0000000      9.6848781
   1   1   1   0   0     -0.8734808      0.7718051      0.7718051      0.7718051     -0.8734808     -0.7718051      0.7718051     -0.7718051     -0.8734808
   1   1  -1   1   0     -0.1157651      0.1283129     -0.0000000      0.1283129     -0.1157651      0.0000000     -0.0000000      0.0000000      0.0466597
   1   1   0   1   0     -0.8734808      0.7718051     -0.7718051      0.7718051     -0.8734808      0.7718051     -0.7718051      0.7718051     -0.8734808
   1   1   1   1   0      0.0593011      0.0000000      0.0000000      0.0000000      0.0593011     -0.0000000      0.0000000      0.0000000     -1.0973772
   1   1  -1  -1   1     -0.1157651     -0.1283129      0.0000000     -0.1283129     -0.1157651      0.0000000      0.0000000      0.0000000      0.0466597
   1   1   0  -1   1      0.0466597     -0.0000000      0.0000000     -0.0000000     -0.1157651      0.1283129      0.0000000      0.1283129     -0.1157651
   1   1   1  -1   1     -0.1157651      0.0000000     -0.1283129     -0.0000000      0.0466597     -0.0000000     -0.1283129     -0.0000000     -0.1157651
   1   1  -1   0   1     -0.1157651     -0.0000000      0.1283129      0.0000000      0.0466597     -0.0000000      0.1283129     -0.0000000     -0.1157651
   1   1   0   0   1     -0.8734808     -0.7718051      0.7718051     -0.7718051     -0.8734808      0.7718051      0.7718051      0.7718051     -0.8734808
   1   1   1   0   1      0.0593011     -0.0000000      0.0000000     -0.0000000     -1.0973772      0.0000000      0.0000000      0.0000000      0.0593011
   1   1  -1   1   1      0.0466597     -0.0000000     -0.0000000     -0.0000000     -0.1157651     -0.1283129     -0.0000000     -0.1283129     -0.1157651
   1   1   0   1   1     -1.0973772     -0.0000000     -0.0000000     -0.0000000      0.0593011      0.0000000     -0.0000000     -0.0000000      0.0593011
   1   1   1   1   1     -0.8734808     -0.7718051     -0.7718051     -0.7718051     -0.8734808     -0.7718051     -0.7718051     -0.7718051     -0.8734808
