            129
-0.500000 -0.500000 0.000000
-0.492188 -0.492188 0.000000
-0.484375 -0.484375 0.000000
-0.476562 -0.476562 0.000000
-0.468750 -0.468750 0.000000
-0.460938 -0.460938 0.000000
-0.453125 -0.453125 0.000000
-0.445312 -0.445312 0.000000
-0.437500 -0.437500 0.000000
-0.429688 -0.429688 0.000000
-0.421875 -0.421875 0.000000
-0.414062 -0.414062 0.000000
-0.406250 -0.406250 0.000000
-0.398438 -0.398438 0.000000
-0.390625 -0.390625 0.000000
-0.382812 -0.382812 0.000000
-0.375000 -0.375000 0.000000
-0.367188 -0.367188 0.000000
-0.359375 -0.359375 0.000000
-0.351562 -0.351562 0.000000
-0.343750 -0.343750 0.000000
-0.335938 -0.335938 0.000000
-0.328125 -0.328125 0.000000
-0.320312 -0.320312 0.000000
-0.312500 -0.312500 0.000000
-0.304688 -0.304688 0.000000
-0.296875 -0.296875 0.000000
-0.289062 -0.289062 0.000000
-0.281250 -0.281250 0.000000
-0.273438 -0.273438 0.000000
-0.265625 -0.265625 0.000000
-0.257812 -0.257812 0.000000
-0.250000 -0.250000 0.000000
-0.242188 -0.242188 0.000000
-0.234375 -0.234375 0.000000
-0.226562 -0.226562 0.000000
-0.218750 -0.218750 0.000000
-0.210938 -0.210938 0.000000
-0.203125 -0.203125 0.000000
-0.195312 -0.195312 0.000000
-0.187500 -0.187500 0.000000
-0.179688 -0.179688 0.000000
-0.171875 -0.171875 0.000000
-0.164062 -0.164062 0.000000
-0.156250 -0.156250 0.000000
-0.148438 -0.148438 0.000000
-0.140625 -0.140625 0.000000
-0.132812 -0.132812 0.000000
-0.125000 -0.125000 0.000000
-0.117188 -0.117188 0.000000
-0.109375 -0.109375 0.000000
-0.101562 -0.101562 0.000000
-0.093750 -0.093750 0.000000
-0.085938 -0.085938 0.000000
-0.078125 -0.078125 0.000000
-0.070312 -0.070312 0.000000
-0.062500 -0.062500 0.000000
-0.054688 -0.054688 0.000000
-0.046875 -0.046875 0.000000
-0.039062 -0.039062 0.000000
-0.031250 -0.031250 0.000000
-0.023438 -0.023438 0.000000
-0.015625 -0.015625 0.000000
-0.007812 -0.007812 0.000000
0.000000 0.000000 0.000000
0.007812 0.007812 0.000000
0.015625 0.015625 0.000000
0.023438 0.023438 0.000000
0.031250 0.031250 0.000000
0.039062 0.039062 0.000000
0.046875 0.046875 0.000000
0.054688 0.054688 0.000000
0.062500 0.062500 0.000000
0.070312 0.070312 0.000000
0.078125 0.078125 0.000000
0.085938 0.085938 0.000000
0.093750 0.093750 0.000000
0.101562 0.101562 0.000000
0.109375 0.109375 0.000000
0.117188 0.117188 0.000000
0.125000 0.125000 0.000000
0.132812 0.132812 0.000000
0.140625 0.140625 0.000000
0.148438 0.148438 0.000000
0.156250 0.156250 0.000000
0.164062 0.164062 0.000000
0.171875 0.171875 0.000000
0.179688 0.179688 0.000000
0.187500 0.187500 0.000000
0.195312 0.195312 0.000000
0.203125 0.203125 0.000000
0.210938 0.210938 0.000000
0.218750 0.218750 0.000000
0.226562 0.226562 0.000000
0.234375 0.234375 0.000000
0.242188 0.242188 0.000000
0.250000 0.250000 0.000000
0.257812 0.257812 0.000000
0.265625 0.265625 0.000000
0.273438 0.273438 0.000000
0.281250 0.281250 0.000000
0.289062 0.289062 0.000000
0.296875 0.296875 0.000000
0.304688 0.304688 0.000000
0.312500 0.312500 0.000000
0.320312 0.320312 0.000000
0.328125 0.328125 0.000000
0.335938 0.335938 0.000000
0.343750 0.343750 0.000000
0.351562 0.351562 0.000000
0.359375 0.359375 0.000000
0.367188 0.367188 0.000000
0.375000 0.375000 0.000000
0.382812 0.382812 0.000000
0.390625 0.390625 0.000000
0.398438 0.398438 0.000000
0.406250 0.406250 0.000000
0.414062 0.414062 0.000000
0.421875 0.421875 0.000000
0.429688 0.429688 0.000000
0.437500 0.437500 0.000000
0.445312 0.445312 0.000000
0.453125 0.453125 0.000000
0.460938 0.460938 0.000000
0.468750 0.468750 0.000000
0.476562 0.476562 0.000000
0.484375 0.484375 0.000000
0.492188 0.492188 0.000000
0.500000 0.500000 0.000000
