1   1   1.000000    0.000000    0.000000       0.000000    0.000000    0.000000            # Block A  # 1  2  1
-0.008660    0.000000    0.000000       0.000000   -0.008660    0.000000       0.000000    0.000000   -0.008660
-0.005000    0.000000    0.000000       0.000000   -0.005000    0.000000       0.000000    0.000000   -0.005000
 0.000000    0.000000    0.000000       0.000000    0.000000    0.000000       0.000000    0.000000    0.000000
1   1   1.000000    0.000000    0.000000       1.000000    0.000000    0.000000                       # 1  2  2
 0.008660    0.000000    0.000000       0.000000    0.008660    0.000000       0.000000    0.000000    0.008660
-0.005000    0.000000    0.000000       0.000000   -0.005000    0.000000       0.000000    0.000000   -0.005000
 0.000000    0.000000    0.000000       0.000000    0.000000    0.000000       0.000000    0.000000    0.000000
1   1   1.000000    0.000000    0.000000       0.500000    0.866025    0.000000                       # 1  2  3
 0.000000    0.000000    0.000000       0.000000    0.000000    0.000000       0.000000    0.000000    0.000000
 0.010000    0.000000    0.000000       0.000000    0.010000    0.000000       0.000000    0.000000    0.010000
 0.000000    0.000000    0.000000       0.000000    0.000000    0.000000       0.000000    0.000000    0.000000


1   1   0.500000    0.866025    0.000000       0.000000    0.000000    0.000000            # Block B  # 1  3  1
-0.008660    0.000000    0.000000       0.000000   -0.008660    0.000000       0.000000    0.000000   -0.008660
-0.005000    0.000000    0.000000       0.000000   -0.005000    0.000000       0.000000    0.000000   -0.005000
 0.000000    0.000000    0.000000       0.000000    0.000000    0.000000       0.000000    0.000000    0.000000
1   1   0.500000    0.866025    0.000000       1.000000    0.000000    0.000000                       # 1  3  2
 0.008660    0.000000    0.000000       0.000000    0.008660    0.000000       0.000000    0.000000    0.008660
-0.005000    0.000000    0.000000       0.000000   -0.005000    0.000000       0.000000    0.000000   -0.005000
 0.000000    0.000000    0.000000       0.000000    0.000000    0.000000       0.000000    0.000000    0.000000
1   1   0.500000    0.866025    0.000000       0.500000    0.866025    0.000000                       # 1  3  3
 0.000000    0.000000    0.000000       0.000000    0.000000    0.000000       0.000000    0.000000    0.000000
 0.010000    0.000000    0.000000       0.000000    0.010000    0.000000       0.000000    0.000000    0.010000
 0.000000    0.000000    0.000000       0.000000    0.000000    0.000000       0.000000    0.000000    0.000000


1   1  -1.000000    0.000000    0.000000      -1.000000    0.000000    0.000000            # Block C  # 2  1  1
-0.008660    0.000000    0.000000       0.000000   -0.008660    0.000000       0.000000    0.000000   -0.008660
-0.005000    0.000000    0.000000       0.000000   -0.005000    0.000000       0.000000    0.000000   -0.005000
 0.000000    0.000000    0.000000       0.000000    0.000000    0.000000       0.000000    0.000000    0.000000
1   1  -1.000000    0.000000    0.000000       0.000000    0.000000    0.000000                       # 2  1  2
 0.008660    0.000000    0.000000       0.000000    0.008660    0.000000       0.000000    0.000000    0.008660
-0.005000    0.000000    0.000000       0.000000   -0.005000    0.000000       0.000000    0.000000   -0.005000
 0.000000    0.000000    0.000000       0.000000    0.000000    0.000000       0.000000    0.000000    0.000000
1   1  -1.000000    0.000000    0.000000      -0.500000    0.866025    0.000000                       # 2  1  3
 0.000000    0.000000    0.000000       0.000000    0.000000    0.000000       0.000000    0.000000    0.000000
 0.010000    0.000000    0.000000       0.000000    0.010000    0.000000       0.000000    0.000000    0.010000
 0.000000    0.000000    0.000000       0.000000    0.000000    0.000000       0.000000    0.000000    0.000000


1   1  -0.500000    0.866025    0.000000      -1.000000    0.000000    0.000000            # Block D  # 2  3  1
-0.008660    0.000000    0.000000       0.000000   -0.008660    0.000000       0.000000    0.000000   -0.008660
-0.005000    0.000000    0.000000       0.000000   -0.005000    0.000000       0.000000    0.000000   -0.005000
 0.000000    0.000000    0.000000       0.000000    0.000000    0.000000       0.000000    0.000000    0.000000
1   1  -0.500000    0.866025    0.000000       0.000000    0.000000    0.000000                       # 2  3  2
 0.008660    0.000000    0.000000       0.000000    0.008660    0.000000       0.000000    0.000000    0.008660
-0.005000    0.000000    0.000000       0.000000   -0.005000    0.000000       0.000000    0.000000   -0.005000
 0.000000    0.000000    0.000000       0.000000    0.000000    0.000000       0.000000    0.000000    0.000000
1   1  -0.500000    0.866025    0.000000      -0.500000    0.866025    0.000000                       # 2  3  3
 0.000000    0.000000    0.000000       0.000000    0.000000    0.000000       0.000000    0.000000    0.000000
 0.010000    0.000000    0.000000       0.000000    0.010000    0.000000       0.000000    0.000000    0.010000
 0.000000    0.000000    0.000000       0.000000    0.000000    0.000000       0.000000    0.000000    0.000000


1   1  -0.500000   -0.866025    0.000000      -0.500000   -0.866025    0.000000            # Block E  # 3  1  1
-0.008660    0.000000    0.000000       0.000000   -0.008660    0.000000       0.000000    0.000000   -0.008660
-0.005000    0.000000    0.000000       0.000000   -0.005000    0.000000       0.000000    0.000000   -0.005000
 0.000000    0.000000    0.000000       0.000000    0.000000    0.000000       0.000000    0.000000    0.000000
1   1  -0.500000   -0.866025    0.000000       0.500000   -0.866025    0.000000                       # 3  1  2
 0.008660    0.000000    0.000000       0.000000    0.008660    0.000000       0.000000    0.000000    0.008660
-0.005000    0.000000    0.000000       0.000000   -0.005000    0.000000       0.000000    0.000000   -0.005000
 0.000000    0.000000    0.000000       0.000000    0.000000    0.000000       0.000000    0.000000    0.000000
1   1  -0.500000   -0.866025    0.000000       0.000000    0.000000    0.000000                       # 3  1  3
 0.000000    0.000000    0.000000       0.000000    0.000000    0.000000       0.000000    0.000000    0.000000
 0.010000    0.000000    0.000000       0.000000    0.010000    0.000000       0.000000    0.000000    0.010000
 0.000000    0.000000    0.000000       0.000000    0.000000    0.000000       0.000000    0.000000    0.000000


1   1   0.500000   -0.866025    0.000000      -0.500000   -0.866025    0.000000            # Block F  # 3  2  1
-0.008660    0.000000    0.000000       0.000000   -0.008660    0.000000       0.000000    0.000000   -0.008660
-0.005000    0.000000    0.000000       0.000000   -0.005000    0.000000       0.000000    0.000000   -0.005000
 0.000000    0.000000    0.000000       0.000000    0.000000    0.000000       0.000000    0.000000    0.000000
1   1   0.500000   -0.866025    0.000000       0.500000   -0.866025    0.000000                       # 3  2  2
 0.008660    0.000000    0.000000       0.000000    0.008660    0.000000       0.000000    0.000000    0.008660
-0.005000    0.000000    0.000000       0.000000   -0.005000    0.000000       0.000000    0.000000   -0.005000
 0.000000    0.000000    0.000000       0.000000    0.000000    0.000000       0.000000    0.000000    0.000000
1   1   0.500000   -0.866025    0.000000       0.000000    0.000000    0.000000                       # 3  2  3
 0.000000    0.000000    0.000000       0.000000    0.000000    0.000000       0.000000    0.000000    0.000000
 0.010000    0.000000    0.000000       0.000000    0.010000    0.000000       0.000000    0.000000    0.010000
 0.000000    0.000000    0.000000       0.000000    0.000000    0.000000       0.000000    0.000000    0.000000
