1 1 -1 -1 -1 1.359407144 0.866
1 1 -1 0 0 1.359407144 0.866
1 1 0 -1 0 1.359407144 0.866
1 1 0 0 1 1.359407144 0.866
1 1 0 0 -1 1.359407144 0.866
1 1 0 1 0 1.359407144 0.866
1 1 1 0 0 1.359407144 0.866
1 1 1 1 1 1.359407144 0.866
1 1 -1 -1 0 0.688476934 1.000
1 1 -1 0 -1 0.685036866 1.000
1 1 0 -1 -1 0.682614877 1.000
1 1 0 1 1 0.682614877 1.000
1 1 1 0 1 0.685036866 1.000
1 1 1 1 0 0.688476934 1.000
1 1 -2 -1 -1 -0.020799303 1.414
1 1 -1 -2 -1 -0.020823129 1.414
1 1 -1 0 1 -0.020823129 1.414
1 1 0 -1 1 -0.020799303 1.414
1 1 -1 -1 -2 -0.020166447 1.414
1 1 -1 1 0 -0.020166447 1.414
1 1 1 -1 0 -0.020166447 1.414
1 1 1 1 2 -0.020166447 1.414
1 1 0 1 -1 -0.020799303 1.414
1 1 1 0 -1 -0.020823129 1.414
1 1 1 2 1 -0.020823129 1.414
1 1 2 1 1 -0.020799303 1.414
1 1 -2 -2 -1 -0.083551918 1.658
1 1 -2 -1 0 -0.083551918 1.658
1 1 -1 -2 0 -0.083551918 1.658
1 1 -1 -1 1 -0.083551918 1.658
1 1 -2 -1 -2 -0.084731734 1.658
1 1 -2 0 -1 -0.084731734 1.658
1 1 -1 -2 -2 -0.084998079 1.658
1 1 -1 1 1 -0.084998079 1.658
1 1 0 -2 -1 -0.084998079 1.658
1 1 0 1 2 -0.084998079 1.658
1 1 1 -1 1 -0.084731734 1.658
1 1 1 0 2 -0.084731734 1.658
1 1 -1 0 -2 -0.084731734 1.658
1 1 -1 1 -1 -0.084731734 1.658
1 1 0 -1 -2 -0.084998079 1.658
1 1 0 2 1 -0.084998079 1.658
1 1 1 -1 -1 -0.084998079 1.658
1 1 1 2 2 -0.084998079 1.658
1 1 2 0 1 -0.084731734 1.658
1 1 2 1 2 -0.084731734 1.658
1 1 1 1 -1 -0.083551918 1.658
1 1 1 2 0 -0.083551918 1.658
1 1 2 1 0 -0.083551918 1.658
1 1 2 2 1 -0.083551918 1.658
1 1 -2 -2 -2 -0.097112747 1.732
1 1 -2 0 0 -0.097112748 1.732
1 1 0 -2 0 -0.097112748 1.732
1 1 0 0 2 -0.097112748 1.732
1 1 0 0 -2 -0.097112748 1.732
1 1 0 2 0 -0.097112748 1.732
1 1 2 0 0 -0.097112748 1.732
1 1 2 2 2 -0.097112747 1.732
1 1 -2 -2 0 0.057294178 2.000
1 1 -2 0 -2 0.056593412 2.000
1 1 0 -2 -2 0.056140077 2.000
1 1 0 2 2 0.056140077 2.000
1 1 2 0 2 0.056593412 2.000
1 1 2 2 0 0.057294178 2.000
1 1 -3 -2 -2 -0.008225328 2.179
1 1 -3 -1 -1 -0.008225327 2.179
1 1 -2 -3 -2 -0.008824306 2.179
1 1 -2 0 1 -0.008824305 2.179
1 1 -1 -3 -1 -0.008824305 2.179
1 1 -1 0 2 -0.008824305 2.179
1 1 0 -2 1 -0.008225328 2.179
1 1 0 -1 2 -0.008225328 2.179
1 1 -2 -2 -3 -0.009218401 2.179
1 1 -2 1 0 -0.009218401 2.179
1 1 1 -2 0 -0.009218401 2.179
1 1 1 1 3 -0.009218401 2.179
1 1 -1 -1 -3 -0.009218401 2.179
1 1 -1 2 0 -0.009218401 2.179
1 1 2 -1 0 -0.009218401 2.179
1 1 2 2 3 -0.009218401 2.179
1 1 0 1 -2 -0.008225328 2.179
1 1 0 2 -1 -0.008225328 2.179
1 1 1 0 -2 -0.008824305 2.179
1 1 1 3 1 -0.008824305 2.179
1 1 2 0 -1 -0.008824305 2.179
1 1 2 3 2 -0.008824306 2.179
1 1 3 1 1 -0.008225327 2.179
1 1 3 2 2 -0.008225328 2.179
1 1 -3 -2 -1 0.009990601 2.236
1 1 -2 -3 -1 0.009577905 2.236
1 1 -2 -1 1 0.009577905 2.236
1 1 -1 -2 1 0.009990601 2.236
1 1 -3 -1 -2 0.010266343 2.236
1 1 -1 -3 -2 0.010452376 2.236
1 1 -1 1 2 0.010452376 2.236
1 1 1 -1 2 0.010266343 2.236
1 1 -2 -1 -3 0.010523536 2.236
1 1 -2 1 -1 0.010523536 2.236
1 1 -1 -2 -3 0.011024704 2.236
1 1 -1 2 1 0.011024704 2.236
1 1 1 -2 -1 0.011024704 2.236
1 1 1 2 3 0.011024704 2.236
1 1 2 -1 1 0.010523536 2.236
1 1 2 1 3 0.010523536 2.236
1 1 -1 1 -2 0.010266343 2.236
1 1 1 -1 -2 0.010452376 2.236
1 1 1 3 2 0.010452376 2.236
1 1 3 1 2 0.010266343 2.236
1 1 1 2 -1 0.009990601 2.236
1 1 2 1 -1 0.009577905 2.236
1 1 2 3 1 0.009577905 2.236
1 1 3 2 1 0.009990601 2.236
1 1 -3 -3 -2 -0.062247601 2.449
1 1 -3 -1 0 -0.062247602 2.449
1 1 -1 -3 0 -0.062247602 2.449
1 1 -1 -1 2 -0.062247603 2.449
1 1 -3 -2 -3 -0.060452446 2.449
1 1 -3 0 -1 -0.060452447 2.449
1 1 -2 -3 -3 -0.059949327 2.449
1 1 -2 1 1 -0.059949328 2.449
1 1 0 -3 -1 -0.059949328 2.449
1 1 0 1 3 -0.059949328 2.449
1 1 1 -2 1 -0.060452447 2.449
1 1 1 0 3 -0.060452447 2.449
1 1 -1 0 -3 -0.060452447 2.449
1 1 -1 2 -1 -0.060452447 2.449
1 1 0 -1 -3 -0.059949328 2.449
1 1 0 3 1 -0.059949328 2.449
1 1 2 -1 -1 -0.059949328 2.449
1 1 2 3 3 -0.059949327 2.449
1 1 3 0 1 -0.060452447 2.449
1 1 3 2 3 -0.060452446 2.449
1 1 1 1 -2 -0.062247603 2.449
1 1 1 3 0 -0.062247602 2.449
1 1 3 1 0 -0.062247602 2.449
1 1 3 3 2 -0.062247601 2.449
1 1 -3 -3 -1 0.015206993 2.598
1 1 -3 -2 0 0.015206993 2.598
1 1 -2 -3 0 0.015206993 2.598
1 1 -2 -2 1 0.015206993 2.598
1 1 -3 -3 -3 0.141101884 2.598
1 1 -3 0 0 0.141101886 2.598
1 1 0 -3 0 0.141101886 2.598
1 1 0 0 3 0.141101886 2.598
1 1 -3 -1 -3 0.014595239 2.598
1 1 -3 0 -2 0.014595239 2.598
1 1 -1 -3 -3 0.014899735 2.598
1 1 -1 2 2 0.014899735 2.598
1 1 0 -3 -2 0.014899735 2.598
1 1 0 2 3 0.014899735 2.598
1 1 2 -1 2 0.014595239 2.598
1 1 2 0 3 0.014595239 2.598
1 1 -2 0 -3 0.014595239 2.598
1 1 -2 1 -2 0.014595239 2.598
1 1 0 -2 -3 0.014899735 2.598
1 1 0 3 2 0.014899735 2.598
1 1 1 -2 -2 0.014899735 2.598
1 1 1 3 3 0.014899735 2.598
1 1 3 0 2 0.014595239 2.598
1 1 3 1 3 0.014595239 2.598
1 1 0 0 -3 0.141101886 2.598
1 1 0 3 0 0.141101886 2.598
1 1 3 0 0 0.141101886 2.598
1 1 3 3 3 0.141101884 2.598
1 1 2 2 -1 0.015206993 2.598
1 1 2 3 0 0.015206993 2.598
1 1 3 2 0 0.015206993 2.598
1 1 3 3 1 0.015206993 2.598
1 1 -4 -2 -2 -0.017295031 2.828
1 1 -2 -4 -2 -0.017268009 2.828
1 1 -2 0 2 -0.017268009 2.828
1 1 0 -2 2 -0.017295031 2.828
1 1 -2 -2 -4 -0.017336355 2.828
1 1 -2 2 0 -0.017336355 2.828
1 1 2 -2 0 -0.017336355 2.828
1 1 2 2 4 -0.017336355 2.828
1 1 0 2 -2 -0.017295031 2.828
1 1 2 0 -2 -0.017268009 2.828
1 1 2 4 2 -0.017268009 2.828
1 1 4 2 2 -0.017295031 2.828
1 1 -4 -3 -2 0.001021085 2.958
1 1 -4 -2 -1 0.001021085 2.958
1 1 -3 -4 -2 0.000973469 2.958
1 1 -3 -1 1 0.000973469 2.958
1 1 -2 -4 -1 0.000973469 2.958
1 1 -2 -1 2 0.000973469 2.958
1 1 -1 -3 1 0.001021085 2.958
1 1 -1 -2 2 0.001021085 2.958
1 1 -4 -2 -3 0.000771540 2.958
1 1 -4 -1 -2 0.000771540 2.958
1 1 -2 -4 -3 0.000694423 2.958
1 1 -2 1 2 0.000694423 2.958
1 1 -1 -4 -2 0.000694423 2.958
1 1 -1 1 3 0.000694423 2.958
1 1 1 -2 2 0.000771540 2.958
1 1 1 -1 3 0.000771540 2.958
1 1 -3 -2 -4 0.000540381 2.958
1 1 -3 1 -1 0.000540381 2.958
1 1 -2 -3 -4 0.000510119 2.958
1 1 -2 2 1 0.000510120 2.958
1 1 1 -3 -1 0.000510119 2.958
1 1 1 2 4 0.000510120 2.958
1 1 2 -2 1 0.000540381 2.958
1 1 2 1 4 0.000540381 2.958
1 1 -2 -1 -4 0.000540381 2.958
1 1 -2 2 -1 0.000540381 2.958
1 1 -1 -2 -4 0.000510120 2.958
1 1 -1 3 1 0.000510119 2.958
1 1 2 -2 -1 0.000510120 2.958
1 1 2 3 4 0.000510119 2.958
1 1 3 -1 1 0.000540381 2.958
1 1 3 2 4 0.000540381 2.958
1 1 -1 1 -3 0.000771540 2.958
1 1 -1 2 -2 0.000771540 2.958
1 1 1 -1 -3 0.000694423 2.958
1 1 1 4 2 0.000694423 2.958
1 1 2 -1 -2 0.000694423 2.958
1 1 2 4 3 0.000694423 2.958
1 1 4 1 2 0.000771540 2.958
1 1 4 2 3 0.000771540 2.958
1 1 1 2 -2 0.001021085 2.958
1 1 1 3 -1 0.001021085 2.958
1 1 2 1 -2 0.000973469 2.958
1 1 2 4 1 0.000973469 2.958
1 1 3 1 -1 0.000973469 2.958
1 1 3 4 2 0.000973469 2.958
1 1 4 2 1 0.001021085 2.958
1 1 4 3 2 0.001021085 2.958
1 1 -3 -3 0 0.023401480 3.000
1 1 -4 -3 -3 0.006667592 3.000
1 1 -4 -1 -1 0.006667592 3.000
1 1 -3 -4 -3 0.006752179 3.000
1 1 -3 0 1 0.006752178 3.000
1 1 -1 -4 -1 0.006752178 3.000
1 1 -1 0 3 0.006752178 3.000
1 1 0 -3 1 0.006667591 3.000
1 1 0 -1 3 0.006667591 3.000
1 1 -3 -3 -4 0.007286610 3.000
1 1 -3 1 0 0.007286609 3.000
1 1 1 -3 0 0.007286609 3.000
1 1 1 1 4 0.007286610 3.000
1 1 -3 0 -3 0.023320242 3.000
1 1 0 -3 -3 0.023184339 3.000
1 1 0 3 3 0.023184339 3.000
1 1 3 0 3 0.023320242 3.000
1 1 -1 -1 -4 0.007286610 3.000
1 1 -1 3 0 0.007286609 3.000
1 1 3 -1 0 0.007286609 3.000
1 1 3 3 4 0.007286610 3.000
1 1 0 1 -3 0.006667591 3.000
1 1 0 3 -1 0.006667591 3.000
1 1 1 0 -3 0.006752178 3.000
1 1 1 4 1 0.006752178 3.000
1 1 3 0 -1 0.006752178 3.000
1 1 3 4 3 0.006752179 3.000
1 1 4 1 1 0.006667592 3.000
1 1 4 3 3 0.006667592 3.000
1 1 3 3 0 0.023401480 3.000
