1 1 -0.500 -0.500 -0.500 1.359407144 0.866
1 1 0.000 0.000 -1.000 0.688476934 1.000
1 1 0.000 -1.000 -1.000 -0.020799303 1.414
1 1 -0.500 -0.500 -1.500 -0.083551918 1.658
1 1 -1.000 -1.000 -1.000 -0.097112747 1.732
1 1 0.000 0.000 -2.000 0.057294178 2.000
1 1 -0.500 -1.500 -1.500 -0.008225328 2.179
1 1 0.000 -1.000 -2.000 0.009990601 2.236
1 1 0.000 -2.000 -1.000 0.010266343 2.236
1 1 -1.000 -1.000 -2.000 -0.062247601 2.449
1 1 -0.500 -0.500 -2.500 0.015206993 2.598
1 1 -1.500 -1.500 -1.500 0.141101884 2.598
1 1 0.000 -2.000 -2.000 -0.017295031 2.828
1 1 -0.500 -1.500 -2.500 0.001021085 2.958
1 1 0.000 0.000 -3.000 0.023401480 3.000
1 1 -1.000 -2.000 -2.000 0.006667592 3.000
